NAME : rbg323Preorder.1326.tour
COMMENT : Length = 1326
COMMENT : Found by LKH [Keld Helsgaun] Sun Apr 19 19:25:53 2020
TYPE : TOUR
DIMENSION : 323
TOUR_SECTION
1
62
134
174
89
283
54
244
306
272
287
299
18
61
166
5
257
313
308
270
304
28
23
215
239
266
92
131
169
126
273
278
274
281
251
133
231
312
47
149
210
271
259
39
101
263
155
198
185
128
318
317
123
25
21
77
161
173
311
29
195
158
56
75
250
109
105
196
112
58
319
277
148
236
138
88
234
44
97
322
10
141
140
137
170
6
199
35
91
106
98
111
68
258
43
205
168
242
191
118
260
294
229
125
261
194
246
207
41
3
286
264
268
66
46
275
178
87
145
298
84
188
206
81
20
320
189
151
211
162
4
184
27
24
57
65
63
120
107
219
79
177
253
222
247
163
256
240
121
122
64
248
214
38
228
254
224
114
237
200
115
232
32
305
289
249
17
40
72
110
143
291
282
144
86
13
14
212
19
204
119
31
310
69
160
164
172
213
96
203
82
307
85
33
241
292
159
73
51
267
233
135
100
323
321
30
22
12
9
154
280
265
95
7
26
301
76
93
309
176
113
71
157
209
201
34
99
37
235
302
218
197
124
67
290
49
74
59
300
255
293
83
223
245
171
116
78
108
238
269
36
153
127
295
129
175
183
15
142
167
190
192
45
8
165
187
80
117
11
230
208
227
284
303
217
53
216
90
52
180
315
182
262
50
316
147
48
94
314
243
181
139
70
279
16
179
146
60
296
130
150
297
285
226
252
220
288
276
152
104
221
202
42
193
136
186
103
102
225
132
156
2
55
-1
EOF
