NAME : rbg358Preorder.1161.tour
COMMENT : Length = 1161
COMMENT : Found by LKH [Keld Helsgaun] Sun Apr 19 19:26:38 2020
TYPE : TOUR
DIMENSION : 358
TOUR_SECTION
1
5
126
75
80
128
99
64
98
209
21
88
292
220
197
159
150
307
303
275
223
317
225
170
349
293
38
327
214
180
174
322
330
271
261
246
37
30
357
300
228
316
215
93
276
192
183
259
155
354
314
156
108
290
232
105
152
144
238
356
269
264
283
282
151
142
123
304
302
325
211
321
260
338
263
333
227
257
161
270
143
110
278
352
198
157
61
313
217
187
347
117
130
24
186
76
51
18
121
160
4
297
332
265
342
281
204
74
63
240
70
40
284
119
96
42
279
252
188
206
138
71
72
315
89
59
262
243
92
233
250
234
20
351
301
46
26
13
221
251
39
255
319
280
339
326
212
41
133
329
62
60
45
181
48
207
231
31
299
104
267
44
216
309
210
87
166
191
298
100
129
294
236
203
127
295
94
27
113
249
226
12
247
7
82
16
285
331
258
50
79
107
208
35
10
91
306
242
312
291
141
111
305
120
189
235
200
55
58
175
146
245
323
190
205
3
101
358
17
52
68
254
256
266
324
337
85
33
32
178
341
201
36
43
34
344
288
162
153
184
185
147
179
177
165
219
353
56
195
132
230
310
335
140
272
65
73
308
182
115
103
273
168
57
116
320
244
222
268
213
334
145
124
346
194
287
23
149
167
163
134
239
47
112
102
90
277
296
95
241
193
345
84
131
350
196
78
19
171
176
173
109
311
340
343
14
122
286
11
28
54
218
202
139
114
148
229
328
199
158
9
248
237
53
172
169
118
136
22
67
15
77
2
154
66
25
135
83
224
49
355
97
137
86
106
253
336
318
69
125
6
348
289
164
8
29
274
81
-1
EOF
