NAME : rbg443Preorder.2708.tour
COMMENT : Length = 2708
COMMENT : Found by LKH [Keld Helsgaun] Sun Apr 19 19:29:00 2020
TYPE : TOUR
DIMENSION : 443
TOUR_SECTION
1
11
269
262
298
235
291
261
323
216
131
81
375
369
359
158
24
23
279
272
160
337
25
405
312
48
144
143
98
240
388
32
189
170
153
385
267
264
263
441
38
214
78
195
80
417
443
393
289
169
430
426
425
231
41
342
308
226
300
12
338
327
294
310
193
18
88
176
402
381
179
171
415
27
331
315
72
434
429
427
134
43
191
105
334
283
107
60
436
6
76
149
260
46
364
218
295
110
108
332
39
422
439
69
51
168
62
17
304
280
273
201
111
9
84
52
288
255
403
22
186
94
106
358
259
30
361
227
409
187
238
155
357
241
368
355
246
205
412
423
54
28
408
290
206
200
252
123
165
125
89
421
112
73
75
316
156
109
215
101
225
228
346
247
343
284
416
401
339
305
352
83
287
395
16
296
152
86
138
79
164
154
29
330
74
180
127
33
250
184
404
366
188
306
249
237
348
265
256
115
148
90
377
314
182
173
172
293
399
365
14
3
198
161
85
56
93
19
146
383
258
353
210
96
286
220
418
391
137
63
71
236
102
211
244
354
5
248
64
36
344
392
386
222
142
221
91
68
268
442
438
232
194
219
130
345
42
329
276
50
302
243
437
129
141
367
212
49
239
411
384
407
390
382
297
274
271
350
333
341
328
208
282
270
432
414
396
336
313
372
8
13
318
229
174
122
362
373
7
66
26
370
114
116
35
335
119
209
61
389
281
99
133
58
322
124
136
10
150
70
185
147
192
397
224
118
121
21
44
92
400
321
104
203
177
428
424
157
363
380
181
65
190
87
126
53
223
162
139
394
245
233
431
183
307
277
20
37
371
378
320
175
15
301
230
120
145
204
100
197
213
351
253
360
151
77
103
166
420
324
387
82
379
435
113
275
374
440
196
419
413
349
159
97
309
67
45
128
55
292
242
40
340
266
257
347
319
317
178
376
57
325
207
135
398
356
234
199
140
433
410
167
4
326
303
285
2
59
217
117
299
251
278
132
202
406
163
95
254
311
47
31
34
-1
EOF
