NAME : rbg403Preorder.2459.tour
COMMENT : Length = 2459
COMMENT : Found by LKH [Keld Helsgaun] Sun Apr 19 19:27:44 2020
TYPE : TOUR
DIMENSION : 403
TOUR_SECTION
1
167
301
184
18
13
65
366
207
31
83
248
82
23
22
336
221
198
163
49
308
144
314
21
253
192
188
124
193
339
303
90
156
8
219
350
217
343
298
51
57
208
46
315
60
375
364
205
152
12
286
283
396
255
224
30
106
392
391
110
79
227
259
162
149
326
241
220
203
238
98
209
104
218
334
268
371
359
282
134
239
230
15
70
246
151
10
231
383
321
87
102
59
9
169
181
360
195
381
290
140
132
356
74
212
179
139
399
397
164
26
135
289
302
111
276
211
137
242
114
258
39
20
123
41
40
24
226
249
143
277
260
269
17
48
113
223
251
130
43
172
64
72
309
6
398
261
159
2
254
365
304
378
176
93
147
213
189
174
53
120
355
201
225
91
73
267
105
204
296
210
357
3
387
332
379
58
94
385
384
146
168
37
202
119
187
54
401
153
311
116
67
75
345
154
76
158
340
165
4
367
293
88
313
36
236
122
214
42
341
233
125
270
178
103
337
322
380
170
28
127
272
318
305
395
394
362
348
342
133
307
7
287
61
45
175
186
92
194
386
200
160
324
310
388
85
294
107
166
247
284
278
353
191
101
99
196
281
280
96
56
136
271
86
171
285
344
235
229
19
34
377
234
325
145
222
68
95
245
81
131
100
390
319
403
288
108
62
328
66
44
35
346
300
299
292
363
374
25
361
109
352
358
329
84
89
63
55
237
228
382
240
71
232
244
263
262
69
368
77
402
320
161
16
312
11
129
256
112
370
185
5
141
335
177
32
215
80
97
190
182
347
115
354
264
138
14
206
316
266
327
148
126
274
273
279
199
33
275
333
216
306
38
180
369
265
323
47
78
157
155
150
52
50
297
252
331
330
295
351
128
400
338
243
118
173
27
183
389
349
291
376
372
142
117
317
121
393
257
250
373
29
197
-1
EOF
