NAME : fnl4461Preorder.82482.tour
COMMENT : Length = 82482
COMMENT : Found by LKH [Keld Helsgaun] Sat May  2 18:50:55 2020
TYPE : TOUR
DIMENSION : 4461
TOUR_SECTION
1
4
5
16
37
38
50
58
68
85
98
123
121
142
158
177
172
156
170
202
227
244
249
278
292
313
300
320
345
340
314
302
375
407
357
389
462
460
440
399
378
352
355
330
309
294
272
326
323
289
268
286
284
347
382
372
376
427
436
483
478
548
579
622
644
566
522
504
486
540
513
591
660
746
809
770
712
654
707
723
765
791
829
914
945
883
823
760
740
695
666
607
588
652
673
649
612
640
669
720
750
783
848
820
880
958
975
971
920
935
989
949
1004
982
979
909
912
830
810
806
866
974
1025
939
900
861
846
763
747
784
691
696
608
600
571
645
685
661
611
546
532
517
577
569
505
523
481
533
444
461
418
362
336
383
405
464
498
519
558
625
628
568
567
468
409
429
474
509
556
589
655
601
630
663
705
736
781
779
721
702
714
776
811
813
891
930
885
941
959
1000
1041
1044
1077
1119
1103
1145
1231
1306
1326
1324
1238
1206
1220
1285
1337
1442
1423
1486
1547
1609
1651
1595
1653
1728
1746
1739
1810
1868
1909
1956
2008
2088
2083
2143
2191
2227
2297
2277
2310
2304
2248
2195
2137
2108
2049
2084
2118
2116
2112
2134
2218
2252
2326
2367
2398
2470
2590
2639
2651
2741
2738
2803
2800
2736
2695
2694
2642
2597
2615
2519
2426
2447
2475
2441
2395
2340
2262
2242
2336
2258
2168
2115
2113
2104
2177
2196
2311
2347
2420
2495
2462
2436
2373
2370
2443
2514
2563
2501
2550
2603
2702
2698
2649
2598
2551
2548
2487
2491
2430
2458
2380
2329
2283
2228
2101
2024
2060
2057
2138
2163
2179
2128
2050
2061
2117
1943
1951
1907
1923
1919
1942
1969
1904
1931
1897
1826
1754
1734
1682
1740
1795
1847
1910
1957
1996
1927
2041
1950
2046
2100
2031
2131
2238
2278
2333
2261
2207
2145
2089
2011
1999
1925
1903
1843
1790
1761
1685
1724
1673
1771
1834
1857
1839
1755
1757
1760
1647
1593
1580
1537
1524
1569
1622
1736
1787
1784
1675
1707
1742
1799
1870
1820
1856
1893
1971
2018
1963
1962
1934
1908
1947
1968
2039
2156
2200
2282
2260
2320
2339
2403
2504
2500
2604
2580
2577
2629
2693
2735
2680
2760
2776
2725
2685
2626
2596
2552
2538
2490
2435
2461
2498
2479
2562
2634
2655
2723
2835
2873
2769
2802
2799
2882
2855
2918
2932
2913
2911
2960
2956
2884
2807
2824
2778
2852
2833
2894
2957
3013
3053
3056
2999
2965
2919
2986
3091
3112
3072
3119
3164
3088
3004
3023
3042
2977
3051
3083
3102
3204
3208
3153
3111
3107
3065
2982
2946
2915
2897
2904
2843
2797
2798
2820
2765
2751
2756
2677
2633
2635
2637
2566
2569
2609
2658
2763
2814
2851
2854
2902
2796
2732
2734
2806
2844
2872
2813
2743
2683
2672
2749
2822
2793
2731
2753
2782
2842
2870
2893
2951
2949
2917
2945
2981
3061
2992
2990
3039
3006
3059
3110
3129
3145
3149
3181
3241
3323
3320
3297
3251
3234
3170
3127
3087
3052
2944
2993
3046
2975
3009
3022
3098
3131
3200
3288
3380
3344
3424
3454
3421
3397
3299
3316
3367
3313
3310
3242
3300
3196
3176
3237
3296
3293
3324
3399
3452
3469
3510
3530
3486
3463
3441
3385
3363
3371
3446
3477
3551
3626
3689
3701
3725
3663
3612
3569
3494
3468
3440
3532
3542
3618
3657
3608
3595
3566
3492
3541
3591
3602
3665
3726
3811
3822
3801
3787
3731
3677
3719
3763
3723
3750
3808
3769
3724
3630
3598
3596
3581
3502
3443
3506
3465
3480
3417
3437
3422
3410
3499
3474
3473
3517
3522
3564
3586
3653
3664
3662
3705
3721
3661
3625
3656
3574
3559
3568
3617
3673
3759
3862
3859
3900
3971
3998
4050
4031
3983
3988
3991
4047
4090
4088
4067
4077
4115
4153
4168
4202
4190
4197
4208
4194
4233
4263
4245
4238
4273
4293
4271
4277
4305
4297
4275
4241
4255
4226
4214
4213
4192
4165
4130
4094
4061
4036
4019
3993
3964
3936
3893
3864
3885
3931
3959
3973
3904
3940
3937
3967
4037
3974
3918
3886
3851
3817
3828
3806
3829
3846
3868
3809
3779
3751
3716
3733
3771
3783
3820
3789
3845
3805
3825
3798
3797
3727
3732
3747
3683
3640
3605
3635
3632
3651
3741
3765
3818
3761
3786
3815
3873
3836
3792
3878
3942
3984
3961
4007
4020
3938
3948
3908
3891
3875
3877
3914
3856
3872
3944
4002
4029
4051
4015
3990
3932
3934
3994
3969
3913
3927
4001
4068
4075
4041
4048
4049
4139
4152
4102
4122
4081
4111
4109
4069
4105
4052
4043
4025
3977
3992
3985
3901
3905
3917
3823
3781
3780
3766
3706
3645
3695
3631
3587
3537
3481
3394
3447
3523
3487
3484
3427
3345
3339
3337
3257
3217
3182
3224
3168
3235
3249
3198
3192
3154
3067
3073
3024
2905
2885
2978
3081
3099
3122
3165
3209
3246
3306
3359
3400
3426
3430
3389
3332
3393
3413
3466
3536
3548
3582
3621
3638
3678
3773
3748
3702
3738
3710
3755
3744
3698
3687
3609
3535
3550
3545
3575
3589
3633
3599
3554
3508
3418
3352
3335
3271
3191
3197
3261
3305
3341
3425
3444
3479
3406
3350
3321
3256
3274
3240
3216
3214
3239
3211
3248
3294
3188
3184
3124
3133
3060
3008
3113
3108
3066
3015
2961
2890
2877
2792
2789
2744
2784
2701
2656
2606
2640
2586
2512
2455
2505
2465
2534
2581
2575
2553
2591
2643
2713
2766
2745
2878
2940
2994
3048
3123
3043
3040
3114
3195
3174
3238
3315
3390
3448
3436
3453
3511
3553
3503
3561
3610
3672
3655
3606
3679
3713
3838
3907
3871
3848
3833
3794
3767
3736
3680
3639
3590
3533
3459
3428
3362
3381
3419
3495
3449
3374
3287
3229
3163
3201
3152
3155
3109
3032
2941
2888
3047
3028
2971
2862
2808
2811
2853
2934
2906
2950
2920
2923
2828
2825
2794
2752
2711
2671
2665
2737
2690
2674
2726
2818
2856
2881
2930
3019
2996
3016
3012
3037
3079
3146
3161
3177
3301
3336
3353
3357
3401
3420
3375
3376
3282
3172
3092
3142
3186
3221
3243
3304
3338
3253
3115
3049
2976
2952
2987
3054
3001
2968
2898
2857
2714
2717
2699
2809
2889
2815
2819
2836
2895
2942
3000
2948
2938
2924
2864
2841
2757
2720
2696
2645
2524
2559
2561
2515
2448
2535
2583
2592
2554
2493
2471
2540
2466
2400
2354
2288
2249
2208
2225
2293
2214
2250
2308
2378
2405
2341
2321
2318
2316
2259
2198
2255
2253
2268
2129
2135
2074
1941
1921
1880
1974
2025
2079
2142
2173
2244
2178
2147
2070
2006
1958
1883
1743
1817
1751
1788
1699
1808
1779
1782
1744
1710
1693
1676
1619
1574
1500
1480
1557
1496
1541
1601
1634
1626
1551
1501
1451
1466
1499
1441
1361
1289
1188
1118
1060
1019
1046
1124
1203
1168
1155
1210
1253
1334
1309
1265
1241
1304
1343
1348
1373
1392
1396
1303
1276
1176
1095
1069
1020
950
921
905
907
889
824
855
842
836
817
792
857
946
961
1057
1075
995
925
878
879
837
773
694
665
635
620
530
511
539
438
400
443
531
595
670
686
631
603
676
741
772
743
734
768
896
983
1032
1012
972
1008
1052
1128
1130
1223
1221
1202
1243
1330
1333
1339
1277
1143
1068
1099
1147
1200
1233
1353
1456
1410
1425
1487
1516
1443
1459
1457
1453
1504
1578
1596
1686
1729
1785
1774
1698
1649
1702
1811
1844
1832
1913
1937
2016
2040
2026
1930
1858
1772
1732
1692
1638
1636
1567
1617
1679
1589
1576
1552
1570
1603
1529
1479
1440
1472
1386
1489
1483
1381
1293
1252
1207
1133
1055
998
871
908
943
1002
1003
1064
1174
1215
1216
1250
1312
1288
1338
1342
1427
1433
1437
1375
1307
1296
1256
1193
1190
1187
1167
1164
1087
1007
936
915
859
795
863
841
904
924
1011
1001
1083
1120
1144
1101
1071
991
1023
933
872
789
807
701
698
637
633
572
570
582
672
767
790
762
729
787
785
709
675
681
619
559
497
466
445
494
528
575
602
584
626
662
610
542
541
469
424
358
359
324
287
304
344
380
415
441
432
431
496
534
550
482
503
484
453
414
363
354
318
384
349
327
277
259
229
261
282
333
406
452
492
465
463
434
387
403
365
386
408
455
458
510
514
578
592
623
593
646
581
552
574
613
690
706
766
834
819
755
868
892
942
960
1014
1040
1114
1090
1106
1092
1138
1142
1214
1242
1275
1344
1371
1412
1391
1356
1310
1251
1319
1272
1260
1263
1247
1196
1158
1122
1098
1048
1063
985
953
994
1037
1113
1054
1009
927
864
798
754
802
844
884
962
1016
969
1022
1109
1135
1189
1269
1323
1363
1295
1240
1230
1246
1182
1102
1072
1006
957
918
894
815
718
668
624
594
650
689
725
753
708
697
700
756
840
867
856
967
964
1059
1212
1274
1322
1316
1336
1355
1389
1346
1436
1455
1509
1542
1579
1656
1669
1631
1684
1717
1714
1658
1645
1621
1560
1517
1493
1449
1464
1403
1476
1511
1540
1522
1430
1390
1350
1347
1365
1450
1532
1591
1588
1559
1543
1659
1696
1804
1805
1865
1862
1891
1887
1988
2054
2111
2073
2017
1967
1973
1979
2030
2053
2086
2161
2231
2144
2099
2155
2222
2197
2213
2292
2377
2361
2416
2484
2571
2611
2614
2600
2539
2464
2442
2397
2368
2299
2358
2411
2454
2492
2526
2558
2599
2618
2582
2507
2469
2525
2612
2647
2648
2679
2719
2773
2742
2775
2708
2670
2641
2589
2523
2513
2531
2557
2630
2692
2678
2704
2707
2774
2810
2772
2830
2922
2903
2859
2901
2931
2967
3007
2991
3045
3030
3104
3138
3135
3121
3116
3180
3220
3292
3247
3279
3330
3386
3328
3358
3319
3396
3349
3298
3252
3260
3227
3175
3130
3075
3058
3090
3055
3086
3105
3151
3167
3190
3265
3280
3314
3343
3342
3327
3270
3402
3442
3472
3515
3513
3593
3604
3637
3654
3712
3814
3849
3796
3740
3752
3791
3831
3788
3853
3919
3947
3952
4024
3982
3925
3899
3916
3987
4033
4058
4086
4114
4103
4074
4080
4119
4155
4129
4164
4151
4159
4160
4125
4096
4128
4175
4207
4198
4185
4171
4195
4234
4276
4278
4296
4280
4301
4347
4323
4334
4330
4318
4331
4335
4366
4382
4378
4355
4337
4349
4342
4352
4380
4344
4365
4336
4350
4368
4363
4391
4403
4376
4393
4385
4399
4400
4401
4369
4354
4339
4379
4384
4389
4374
4362
4351
4315
4316
4319
4333
4353
4370
4375
4377
4367
4359
4386
4398
4397
4404
4411
4402
4410
4422
4432
4438
4441
4428
4412
4418
4434
4426
4414
4435
4451
4453
4454
4450
4455
4461
4460
4459
4448
4439
4436
4419
4416
4405
4390
4381
4361
4357
4364
4373
4387
4392
4406
4413
4407
4425
4430
4431
4424
4437
4444
4447
4446
4457
4458
4456
4452
4442
4445
4449
4443
4433
4440
4427
4429
4421
4409
4395
4394
4417
4420
4423
4415
4408
4396
4388
4372
4371
4383
4358
4345
4329
4313
4320
4332
4328
4324
4341
4338
4348
4321
4294
4286
4291
4269
4252
4229
4223
4231
4259
4254
4281
4256
4248
4267
4283
4268
4284
4298
4285
4288
4242
4237
4228
4219
4217
4209
4193
4174
4149
4141
4147
4173
4162
4136
4087
4045
4055
4016
3989
4000
3924
3929
3884
3861
3870
3898
3847
3830
3895
3935
3892
3889
3852
3906
3963
4014
4046
3995
4062
4064
4112
4150
4187
4178
4215
4218
4227
4250
4264
4262
4243
4258
4295
4317
4327
4343
4360
4340
4356
4346
4322
4309
4302
4289
4265
4251
4235
4204
4172
4170
4117
4143
4135
4084
4066
4027
3981
4011
4039
4063
4095
4163
4188
4224
4191
4222
4236
4239
4260
4279
4272
4299
4312
4306
4292
4270
4257
4220
4182
4200
4177
4206
4230
4253
4225
4246
4274
4310
4308
4307
4287
4311
4325
4303
4326
4314
4300
4290
4304
4282
4247
4211
4179
4158
4134
4124
4167
4212
4221
4205
4196
4244
4240
4261
4232
4210
4189
4137
4132
4099
4131
4127
4148
4118
4092
4070
4035
4057
4085
4076
4042
4013
3958
3986
3976
3933
3953
3996
4040
4082
4065
4028
3980
3941
3903
3926
3930
4004
4005
3966
3950
3978
4038
4079
4108
4121
4101
4133
4144
4138
4106
4056
4006
3965
3920
3890
3945
3957
3921
3866
3837
3813
3693
3670
3703
3778
3832
3854
3804
3760
3715
3745
3782
3850
3834
3876
3840
3839
3800
3775
3758
3696
3709
3707
3739
3768
3835
3867
3880
3922
3954
3939
3979
3951
3894
3844
3841
3776
3746
3735
3690
3648
3614
3570
3528
3525
3565
3585
3534
3520
3505
3490
3432
3435
3467
3470
3498
3500
3547
3592
3644
3704
3671
3666
3634
3557
3509
3491
3450
3377
3334
3255
3259
3162
3194
3157
3128
3070
3003
2929
2869
2900
2899
2970
3074
3078
3029
3106
3064
2995
2955
2887
2829
2827
2823
2730
2657
2673
2608
2584
2520
2481
2421
2351
2365
2366
2434
2393
2338
2285
2387
2452
2503
2547
2545
2602
2541
2478
2473
2396
2376
2357
2413
2422
2482
2409
2352
2298
2331
2325
2194
2110
2012
1985
1940
1929
1886
1849
1846
1781
1701
1650
1611
1672
1709
1770
1819
1890
1895
1920
1946
2020
2097
2140
2172
2171
2230
2190
2234
2307
2276
2315
2281
2184
2185
2095
2059
2141
2123
2023
1945
1926
2000
2056
2034
2010
1983
2048
1953
1902
1851
1768
1712
1662
1716
1786
1875
1879
1840
1809
1683
1628
1625
1575
1573
1585
1558
1482
1405
1448
1468
1521
1564
1612
1599
1641
1695
1731
1727
1816
1855
1924
1932
2028
2067
2090
2114
2183
2221
2158
2205
2103
2029
1981
2045
2058
2076
2015
1944
1878
1900
1864
1794
1700
1646
1607
1556
1478
1497
1432
1329
1349
1284
1311
1358
1321
1270
1224
1234
1205
1183
1151
1107
1080
1157
1229
1245
1181
1179
1121
1096
1084
1100
1112
1036
1039
1056
1043
1033
1021
1070
1110
1199
1248
1331
1378
1438
1411
1369
1368
1328
1305
1273
1192
1156
1154
1209
1254
1354
1360
1397
1463
1498
1417
1414
1370
1406
1447
1488
1495
1550
1627
1705
1814
1769
1854
1918
1965
2038
2022
2004
1949
1894
1825
1735
1733
1691
1657
1614
1568
1605
1620
1608
1545
1502
1534
1519
1563
1633
1610
1648
1704
1725
1813
1882
1885
1874
1821
1750
1777
1796
1759
1723
1767
1689
1690
1644
1571
1526
1530
1606
1663
1666
1738
1715
1802
1823
1837
1905
1877
1899
1829
1831
1798
1764
1674
1652
1592
1613
1565
1508
1471
1398
1429
1503
1484
1404
1420
1462
1395
1332
1374
1345
1435
1505
1566
1538
1494
1408
1485
1561
1624
1618
1661
1640
1581
1555
1515
1445
1383
1302
1271
1325
1259
1227
1237
1171
1184
1104
1074
1038
993
934
835
903
854
882
978
1079
1018
966
931
988
970
917
899
851
782
751
727
684
648
597
563
565
524
502
451
457
490
576
634
657
659
590
547
564
629
651
587
553
526
471
450
395
385
398
351
315
273
252
222
189
180
190
174
150
151
159
171
146
163
164
196
205
223
241
245
221
210
237
271
293
307
328
353
332
264
267
299
257
258
291
260
226
220
224
192
182
165
166
153
155
157
194
188
216
204
207
217
242
218
213
225
236
247
248
228
214
186
160
141
161
154
152
149
127
116
144
130
120
96
77
73
63
84
93
69
59
57
36
24
21
9
18
22
33
44
32
42
60
71
76
89
106
119
102
114
115
143
135
175
181
198
199
200
212
208
201
184
185
195
178
148
132
147
140
129
138
145
133
137
125
107
87
91
78
67
62
46
48
40
26
20
29
15
8
6
2
3
11
19
17
31
39
54
65
70
43
51
45
52
66
82
100
101
113
90
97
74
56
27
28
30
55
49
64
86
92
124
131
109
117
139
162
176
187
173
203
235
233
232
262
230
250
269
290
303
341
329
297
298
255
275
288
305
350
410
472
454
373
321
334
368
390
388
442
401
364
379
374
370
322
301
256
243
219
209
193
179
169
168
206
197
215
253
283
316
280
306
251
231
239
238
270
266
254
240
279
295
281
308
342
367
356
420
421
435
404
360
411
476
433
419
479
447
422
437
428
487
507
543
557
618
604
573
537
535
499
549
560
638
614
615
679
674
738
748
793
799
771
821
803
870
775
774
716
703
647
687
726
677
699
658
730
757
845
812
832
831
874
932
944
869
901
919
862
838
786
796
818
780
827
860
858
913
968
984
1015
976
1026
992
955
922
877
916
890
828
822
758
713
717
671
643
664
598
599
538
485
470
449
500
521
518
580
621
667
616
605
586
555
512
459
473
506
536
551
491
480
381
393
394
425
412
396
338
337
319
311
285
265
263
296
310
331
343
339
377
348
371
391
446
467
423
426
456
413
416
489
544
527
508
525
585
606
636
632
693
737
742
715
761
808
804
865
852
847
875
948
954
973
977
926
886
963
947
951
937
897
873
816
777
735
722
641
688
692
769
794
849
853
923
1027
1030
1010
1013
940
980
965
1005
1065
1086
1111
1162
1165
1129
1115
1117
1078
1081
1062
1093
1136
1172
1255
1257
1258
1264
1308
1281
1217
1161
1127
1149
1204
1239
1313
1299
1351
1372
1366
1362
1357
1335
1352
1300
1283
1267
1232
1298
1387
1431
1491
1533
1531
1527
1460
1461
1473
1400
1413
1434
1409
1428
1469
1507
1544
1616
1643
1600
1598
1671
1688
1629
1623
1590
1549
1518
1467
1421
1384
1340
1364
1327
1278
1301
1379
1382
1424
1407
1341
1320
1290
1235
1225
1194
1180
1139
1091
1152
1150
1125
1034
1066
1061
1140
1159
1213
1175
1170
1131
1089
1049
1047
1108
1177
1197
1261
1294
1367
1388
1280
1282
1249
1268
1314
1393
1416
1474
1477
1528
1583
1539
1536
1492
1452
1422
1385
1317
1380
1376
1475
1525
1553
1637
1655
1703
1726
1749
1753
1801
1835
1873
1836
1789
1807
1778
1721
1681
1586
1665
1632
1635
1639
1711
1677
1773
1756
1720
1763
1867
1824
1896
1892
1859
1803
1853
1872
1818
1783
1745
1766
1815
1830
1901
1863
1922
1970
2014
1961
1916
1869
1812
1845
1912
1955
2009
2007
2066
2176
2175
2121
2081
2047
1976
1990
1964
2036
2033
2130
2150
2187
2243
2322
2372
2414
2374
2302
2247
2272
2330
2275
2239
2164
2167
2169
2096
2170
2201
2160
2146
2052
2005
1993
1982
1960
1935
1987
1997
2133
2180
2251
2267
2232
2263
2284
2349
2424
2390
2359
2343
2363
2407
2383
2335
2300
2355
2323
2289
2246
2189
2193
2109
2071
1995
1986
2042
2003
1906
1860
1792
1841
1881
1911
1959
1994
1978
2027
2064
2063
2082
2154
2174
2226
2241
2256
2312
2309
2345
2348
2369
2444
2499
2533
2549
2485
2453
2391
2406
2437
2467
2506
2537
2527
2594
2616
2675
2632
2564
2567
2621
2705
2740
2681
2700
2758
2770
2845
2812
2788
2777
2727
2659
2530
2555
2587
2508
2431
2429
2483
2423
2419
2327
2317
2334
2388
2404
2356
2342
2305
2394
2364
2399
2386
2287
2204
2235
2215
2219
2162
2105
2125
2124
2119
2139
2199
2294
2237
2165
2182
2236
2264
2265
2229
2286
2223
2159
2087
2051
2032
2106
2092
1989
1948
1952
1898
1876
1806
1791
1838
1852
1833
1765
1762
1741
1797
1828
1827
1866
1933
1975
1966
2019
2080
2077
2093
2149
2210
2270
2306
2266
2245
2206
2192
2132
2091
2013
1928
1888
1848
1800
1780
1706
1654
1615
1642
1678
1713
1747
1822
1775
1737
1718
1664
1687
1670
1708
1730
1752
1660
1604
1602
1597
1562
1506
1512
1444
1419
1402
1415
1454
1490
1546
1465
1439
1513
1554
1523
1535
1594
1667
1722
1719
1680
1697
1748
1871
1914
1954
1991
2065
2120
2021
2043
2075
2094
2166
2186
2257
2295
2274
2271
2313
2381
2459
2438
2488
2572
2687
2709
2791
2787
2832
2759
2785
2755
2780
2858
2863
2871
2874
2847
2879
2916
2988
2973
3027
3101
3117
3125
3169
3140
3033
3021
3095
3132
3100
3026
2908
2839
2896
2966
2943
3014
2939
2912
2886
2883
2840
2826
2783
2716
2660
2617
2576
2573
2529
2496
2480
2445
2450
2412
2392
2432
2417
2472
2560
2528
2593
2623
2570
2669
2721
2831
2850
2790
2747
2686
2750
2691
2715
2754
2697
2650
2666
2652
2605
2638
2682
2684
2746
2729
2779
2821
2837
2866
2786
2846
2891
2914
2962
2983
3035
3068
3050
3084
3134
3166
3185
3230
3218
3273
3258
3213
3236
3281
3331
3387
3431
3475
3445
3414
3372
3333
3351
3379
3360
3325
3307
3329
3267
3232
3225
3283
3212
3159
3144
3094
3076
3025
2972
2935
2907
2953
3010
2958
2926
2984
2989
3036
3002
3017
3062
3126
3136
3150
3202
3244
3289
3378
3391
3433
3540
3521
3518
3478
3471
3411
3455
3438
3482
3512
3543
3577
3622
3619
3697
3772
3826
3824
3863
3882
3860
3857
3810
3742
3753
3692
3629
3601
3555
3524
3583
3546
3578
3607
3641
3660
3688
3722
3737
3699
3714
3674
3667
3603
3571
3531
3460
3461
3456
3483
3552
3567
3613
3652
3694
3756
3757
3802
3819
3807
3855
3896
3923
3997
4026
4097
4078
4140
4107
4145
4154
4161
4183
4203
4266
4249
4216
4201
4180
4166
4142
4113
4104
4083
4120
4156
4176
4199
4186
4184
4169
4146
4181
4157
4123
4116
4089
4091
4126
4110
4073
4021
4010
4022
4030
3999
3955
3943
3960
3975
4032
4054
4053
4060
4018
4009
3968
3909
3887
3883
3902
3897
3911
3910
3874
3946
4017
4059
4034
4003
3972
3956
3928
3881
3869
3879
3912
3970
4023
4012
4044
4100
4098
4072
4093
4071
4008
3949
3962
3888
3827
3799
3770
3774
3734
3700
3749
3790
3795
3821
3784
3816
3803
3842
3777
3646
3684
3717
3685
3658
3676
3728
3711
3668
3615
3649
3669
3627
3584
3643
3659
3580
3501
3464
3519
3489
3538
3556
3496
3560
3579
3562
3516
3457
3429
3403
3364
3311
3263
3222
3178
3120
3139
3207
3250
3284
3347
3416
3407
3398
3382
3302
3290
3308
3262
3233
3203
3179
3147
3160
3158
3096
3093
3069
3063
2997
2980
2974
2969
3038
3057
3034
3018
2964
2933
2880
2834
2848
2925
2910
2909
3011
3044
3082
3143
3189
3205
3231
3312
3295
3269
3226
3254
3322
3275
3340
3383
3439
3408
3405
3373
3317
3368
3369
3361
3354
3285
3210
3199
3148
3077
3097
3089
3005
2936
2838
2860
2781
2768
2771
2703
2653
2622
2610
2625
2688
2748
2764
2728
2661
2627
2556
2578
2663
2667
2619
2546
2544
2517
2474
2463
2408
2418
2440
2456
2509
2489
2521
2451
2446
2401
2350
2279
2291
2240
2273
2344
2290
2301
2337
2332
2382
2410
2449
2518
2568
2585
2588
2510
2522
2427
2415
2457
2460
2476
2532
2542
2631
2662
2646
2712
2710
2762
2816
2865
2875
2927
2998
3031
3103
3080
2979
2921
2861
2804
2739
2668
2676
2767
2795
2689
2613
2574
2624
2620
2654
2722
2761
2718
2733
2801
2805
2876
2849
2867
2868
2937
2985
2959
2954
3041
3118
3137
3085
3141
3171
3173
3193
3286
3348
3370
3278
3266
3245
3187
3183
3228
3215
3272
3318
3392
3395
3356
3409
3462
3476
3488
3507
3434
3355
3303
3326
3291
3219
3223
3268
3277
3346
3365
3388
3404
3415
3504
3563
3611
3526
3493
3451
3529
3572
3620
3675
3729
3743
3754
3793
3764
3720
3686
3681
3642
3594
3576
3544
3485
3423
3497
3558
3539
3597
3647
3691
3650
3616
3708
3730
3785
3812
3858
3915
3865
3843
3762
3718
3682
3623
3636
3588
3527
3600
3628
3549
3624
3573
3514
3458
3384
3412
3366
3309
3264
3276
3206
3156
3071
3020
2947
2963
2928
2892
2817
2724
2706
2636
2664
2595
2543
2579
2536
2607
2644
2628
2601
2565
2497
2502
2486
2428
2402
2371
2319
2324
2362
2269
2233
2202
2152
2220
2254
2346
2384
2379
2439
2433
2360
2353
2385
2425
2477
2516
2494
2511
2468
2389
2375
2303
2328
2314
2296
2217
2212
2209
2136
2153
2157
2203
2126
2127
2181
2107
2069
1992
1984
1939
2001
1972
2085
2102
2068
2148
2211
2216
2280
2224
2188
2151
2072
2035
2055
1998
1936
1884
1917
1938
2002
2037
2078
2122
2098
2062
2044
1977
1980
1915
1850
1889
1861
1842
1793
1758
1776
1694
1582
1584
1587
1572
1668
1630
1577
1548
1520
1470
1399
1426
1446
1481
1514
1510
1458
1401
1377
1418
1394
1359
1318
1315
1286
1236
1208
1186
1132
1116
1073
1029
997
956
987
1035
1067
1094
1141
1123
1126
1146
1148
1166
1219
1198
1195
1297
1262
1292
1291
1226
1191
1137
1153
1169
1222
1287
1266
1244
1163
1097
1051
1088
1053
999
906
911
895
826
759
733
745
682
704
749
728
711
731
680
639
609
561
516
529
493
439
477
430
417
366
317
346
369
392
448
501
583
596
627
683
724
764
744
814
833
876
893
910
888
843
805
801
800
850
898
902
928
1058
1017
986
952
938
990
1024
996
1028
1076
1105
1050
1085
1160
1178
1173
1228
1279
1201
1218
1185
1211
1134
1082
1045
1042
1031
981
929
887
825
778
719
732
788
881
839
797
752
739
710
678
653
617
656
642
562
520
495
515
545
554
488
475
402
397
361
325
335
312
276
274
246
234
211
191
183
167
134
136
126
105
79
88
99
118
128
111
112
95
72
61
83
103
122
104
108
110
94
81
80
75
53
41
47
35
34
14
7
12
23
25
13
10
-1
EOF
