NAME : u1432Preorder.230.tour
COMMENT : Length = 230
COMMENT : Found by LKH [Keld Helsgaun] Mon May  4 06:58:31 2020
TYPE : TOUR
DIMENSION : 1432
TOUR_SECTION
1
4
2
6
3
13
12
11
10
9
100
95
96
89
88
87
86
85
78
77
79
80
81
84
83
82
1159
1160
1158
1154
1155
254
253
252
251
255
259
258
257
256
1021
1010
1011
1013
1014
1016
1018
990
989
988
987
986
985
982
984
981
983
980
979
978
974
977
975
976
1073
1072
1051
1052
1050
1049
1048
1047
1046
1044
1045
1038
1040
1043
1053
1055
1060
1062
1064
1063
1054
1067
1069
1071
1070
1068
1066
1065
1130
1129
1131
1133
1132
1134
1061
1058
1057
1059
1056
1042
1041
1039
1036
1037
1030
1029
1028
1027
1031
1035
1032
1034
1026
1025
1024
1023
1019
1020
1022
1156
1157
1033
1151
1153
1161
1152
1163
1162
1165
1166
1167
1169
1168
74
75
76
70
73
69
67
68
62
50
49
72
71
48
37
36
35
34
33
25
24
26
32
31
38
39
44
47
46
45
43
40
41
42
1287
1292
1291
1290
29
30
28
27
23
22
21
20
19
18
17
16
14
15
1329
1328
1324
1325
1289
1322
1321
1320
1323
1326
1312
1327
1313
1316
1332
1330
1331
1340
1339
1341
1335
1352
1351
1342
1349
1343
1424
1422
1428
1427
1432
1431
1430
1429
106
105
104
7
8
103
102
101
99
98
97
93
94
92
91
90
248
249
247
250
242
246
243
244
245
241
240
260
239
237
238
236
235
227
224
225
226
229
203
204
202
154
205
153
152
151
150
149
147
148
146
145
162
161
160
159
158
157
156
155
199
200
201
231
230
228
232
233
234
266
265
267
271
270
268
269
187
189
190
193
195
198
197
177
175
173
172
169
163
164
166
165
167
168
170
171
174
176
178
196
194
191
192
186
188
273
274
272
276
275
278
280
282
281
279
277
264
263
262
261
1008
1009
1006
1012
1005
1004
1007
283
284
286
285
1003
1001
1000
1002
997
996
1015
1017
991
995
992
994
993
998
999
292
293
294
295
296
297
299
300
301
298
291
290
289
288
287
334
335
336
337
338
339
340
185
184
183
182
181
180
179
372
371
370
369
368
376
375
374
373
367
366
365
364
363
362
345
344
343
342
341
328
329
330
331
332
333
309
310
302
308
303
307
304
306
305
327
326
320
321
325
324
322
323
347
346
348
349
360
361
359
358
355
356
385
384
383
380
379
377
378
381
382
389
388
387
386
357
354
353
351
350
352
405
404
402
403
400
401
399
398
396
397
395
394
393
392
391
390
466
467
468
460
465
464
463
461
469
477
470
462
472
473
474
471
476
475
479
478
481
480
485
499
495
497
496
500
502
501
506
503
504
505
507
508
509
510
513
515
516
522
521
517
514
512
511
518
519
520
528
529
530
543
544
608
607
603
602
599
600
620
621
622
623
627
629
630
631
628
626
625
590
591
594
592
624
618
619
617
616
595
593
615
614
613
612
549
611
610
605
597
596
598
601
604
606
609
548
545
542
531
532
537
533
526
527
525
524
534
523
498
535
493
492
536
538
539
540
541
546
547
551
550
552
553
554
555
556
564
565
569
570
571
568
566
567
438
563
562
560
557
558
559
489
488
487
490
491
494
486
484
483
482
457
456
459
458
449
450
451
454
455
453
452
447
448
441
442
440
561
439
443
444
446
445
436
435
437
434
433
431
432
427
430
429
425
428
426
572
574
573
575
576
577
578
580
579
581
582
583
584
585
586
587
588
589
650
649
651
648
646
643
642
638
637
636
632
633
635
634
639
640
641
661
662
659
664
665
666
667
657
658
663
656
652
660
644
645
647
653
654
655
762
763
673
674
675
676
677
747
749
751
750
745
746
742
739
748
678
679
680
687
672
671
669
668
670
691
692
690
689
688
697
699
700
696
693
694
695
703
704
702
701
707
708
720
709
710
706
705
711
712
713
714
715
716
717
718
719
722
721
684
682
685
698
686
681
683
738
740
737
735
736
734
731
728
723
724
725
726
727
730
732
729
733
741
743
744
825
826
824
823
822
820
819
818
817
816
815
814
752
753
758
754
759
761
760
764
755
757
756
766
765
767
770
768
771
769
772
773
776
774
777
775
778
779
780
781
790
789
783
788
784
787
785
782
786
422
423
424
421
420
419
418
417
414
415
413
411
409
406
407
408
410
412
416
319
318
317
316
315
314
311
313
312
912
913
911
914
916
917
918
919
920
921
915
922
906
905
907
909
908
910
793
794
792
791
795
796
797
799
798
800
801
804
806
805
809
813
812
811
810
808
807
803
802
904
903
902
900
899
901
898
897
896
893
895
894
923
924
925
928
927
926
929
930
931
932
933
934
935
936
937
938
939
940
941
942
946
947
948
949
945
944
943
884
885
883
882
886
881
889
888
887
892
891
890
869
868
867
862
863
864
865
866
861
858
857
856
848
849
847
844
846
845
860
859
821
827
828
829
830
832
831
834
835
836
837
838
833
839
840
841
843
842
850
851
852
853
854
855
870
871
872
873
878
879
880
877
876
875
874
955
954
953
950
951
952
956
957
958
959
960
961
969
971
972
973
1078
1077
1079
970
968
962
965
963
964
966
967
1084
1085
1082
1083
1081
1080
1076
1074
1075
1096
1097
1099
1100
1101
1098
1102
1095
1094
1092
1086
1087
1088
1089
1091
1093
1103
1090
1104
1109
1108
1107
1106
1105
1110
1112
1111
1113
1115
1117
1114
1118
1116
1121
1120
1119
1122
1127
1128
1126
1125
1123
1124
1137
1136
1135
1140
1138
1139
1141
1142
1145
1146
1147
1148
1150
1149
1164
1144
1143
1170
1171
1172
1173
1177
1175
1174
66
65
63
64
1176
1179
1180
1178
1188
1189
1190
1191
1195
1196
1197
1198
1199
1201
1200
1204
1202
1205
1203
1207
1206
1208
1209
1210
1211
1212
1213
1214
1215
1230
1228
1227
1220
1217
1216
1219
1218
1221
1222
1225
1224
1237
1223
1226
1229
1231
1232
1233
1234
1236
1238
1240
1239
1241
1235
1249
1251
1252
1250
1247
1248
1242
1243
1246
1245
1264
1263
1262
1259
1244
1257
1258
1260
1254
1255
1256
1253
1193
1194
1192
1187
1186
1181
1185
1184
1183
1273
1261
1265
1272
1266
1267
1271
1274
1276
1182
1275
58
59
61
60
55
53
52
51
1294
1285
1295
1286
1293
1302
1299
1296
1283
1284
54
56
57
1280
1279
1278
1277
1268
1270
1269
1282
1281
1298
1297
1300
1301
1308
1306
1304
1303
1305
1288
1309
1307
1310
1311
1319
1318
1317
1314
1315
1333
1338
1334
1337
1336
1355
1354
1356
1353
1350
1348
1344
1347
1364
1363
1357
1358
1361
1359
1362
1365
1367
1366
1368
1369
1382
1383
1384
1381
1375
1370
1360
1371
1372
1374
1373
1377
1376
1380
1379
1378
1386
1385
1389
1387
1388
1390
1393
1391
1392
131
132
133
134
136
135
142
143
144
141
137
140
139
138
208
209
207
210
206
211
213
215
214
219
221
223
222
220
218
216
217
109
108
110
107
115
116
118
111
114
212
113
112
119
122
120
123
121
124
125
126
129
130
128
1394
1403
1401
1395
1396
1397
1398
1399
1400
1409
1411
1346
1345
1412
1410
1415
1408
1402
1406
1405
1404
127
1418
1419
117
1420
1417
1407
1416
1421
1414
1413
1423
1425
1426
5
-1
EOF
