NAME : ali535Preorder.188680.tour
COMMENT : Length = 188680
COMMENT : Found by LKH [Keld Helsgaun] Sat May  2 00:03:06 2020
TYPE : TOUR
DIMENSION : 535
TOUR_SECTION
1
101
362
16
18
122
68
396
189
76
193
413
30
529
455
147
445
51
95
249
514
198
206
352
459
32
216
263
463
323
331
228
359
128
506
373
98
454
449
450
479
115
470
50
88
191
397
118
185
416
501
340
136
461
405
133
389
490
391
497
315
278
317
480
155
487
220
483
200
435
53
36
217
409
232
231
176
27
40
261
482
102
31
24
145
57
348
22
42
478
187
64
432
253
3
468
79
304
441
168
39
159
41
153
420
307
233
292
35
158
250
33
143
423
11
46
236
52
10
204
311
300
387
532
146
239
342
169
244
72
60
346
241
349
374
74
350
442
156
71
119
190
415
4
8
285
267
130
281
380
157
484
260
100
188
254
56
132
148
334
325
287
238
194
197
291
105
183
351
288
428
78
486
328
438
318
124
294
77
84
246
150
421
242
471
177
251
110
142
535
407
73
503
390
252
443
237
289
322
219
103
245
489
360
218
440
378
436
347
370
221
499
353
417
247
392
163
326
161
379
12
308
306
108
467
123
135
80
19
339
222
26
181
516
526
524
434
439
444
269
257
425
256
383
173
5
23
59
151
451
69
525
227
330
363
302
316
496
361
152
144
427
223
333
313
309
7
211
424
476
310
446
447
399
394
134
44
299
38
137
255
109
82
121
502
213
274
283
430
418
96
180
336
410
34
229
488
508
426
411
201
456
404
92
45
298
106
422
393
61
504
186
398
29
448
433
376
248
341
312
367
303
141
500
37
66
457
117
365
230
139
138
125
164
165
521
120
386
97
225
528
519
518
240
523
520
63
86
49
268
357
235
178
382
43
224
513
149
381
48
517
522
527
429
473
452
472
475
282
9
195
13
402
296
126
104
403
485
17
264
208
15
464
515
182
276
364
431
375
511
295
531
70
400
262
474
81
129
114
385
495
354
414
234
55
366
453
166
58
202
384
171
321
344
6
243
406
85
371
199
184
62
462
2
75
358
14
131
320
215
87
214
498
54
477
466
266
265
162
395
355
335
469
279
94
509
209
301
530
277
412
493
507
494
401
512
65
314
275
337
89
533
93
319
127
465
460
192
116
167
172
25
419
28
273
372
329
437
534
458
210
271
286
272
280
107
356
196
284
297
258
67
111
174
90
491
140
179
83
160
99
369
259
377
112
408
91
270
332
290
338
175
154
212
293
170
203
345
492
205
305
343
113
327
505
324
481
47
207
388
226
510
20
368
21
-1
EOF
