NAME : d1291Preorder.8908.tour
COMMENT : Length = 8908
COMMENT : Found by LKH [Keld Helsgaun] Fri May  1 16:19:28 2020
TYPE : TOUR
DIMENSION : 1291
TOUR_SECTION
1
2
4
6
8
10
12
14
15
299
261
262
263
300
382
381
301
264
265
266
267
268
302
380
379
378
303
269
270
271
272
304
377
376
305
273
274
275
276
306
375
374
307
277
278
279
280
308
373
309
281
282
283
310
372
371
311
284
285
286
287
288
312
370
369
313
289
290
291
314
368
367
315
292
293
294
295
316
366
365
388
317
296
297
298
318
319
364
383
384
363
320
321
362
385
386
361
322
323
1228
1229
324
360
325
1230
1231
1232
359
326
1233
1234
1235
1236
1237
1238
1239
1240
1241
1242
1243
1244
1245
1246
1247
1248
1249
1250
1251
1252
1253
1254
1255
1256
1257
1258
1259
1260
1261
1262
1263
1264
1265
1266
1267
1268
1269
1270
1271
1272
1273
1274
1275
1276
1277
1278
1279
1280
1281
1282
1283
1284
1285
1286
1287
1288
1289
1290
1291
342
343
341
344
340
345
339
346
338
347
337
348
336
349
335
350
334
351
333
352
332
353
331
354
330
355
329
356
328
357
327
358
387
426
425
424
423
494
493
492
491
498
497
496
495
549
550
551
552
579
602
578
553
548
521
520
490
476
475
489
477
474
451
450
427
422
398
397
396
399
421
428
449
452
473
478
479
472
453
448
429
420
400
395
394
401
419
430
447
454
471
480
481
470
455
446
431
418
402
403
417
432
445
456
469
482
483
468
457
444
433
416
404
405
415
434
443
458
467
484
485
466
459
442
435
414
406
393
392
389
408
407
413
436
441
460
465
486
487
464
461
440
437
412
409
391
390
410
411
438
439
462
463
488
506
507
534
535
566
567
590
591
592
589
568
565
536
533
508
505
504
509
532
537
564
569
588
593
594
587
570
563
538
531
510
503
500
502
511
530
539
562
561
540
529
512
501
499
513
528
541
560
571
586
595
596
585
572
559
542
527
514
515
526
543
558
573
584
597
598
583
574
557
544
525
516
517
524
545
556
575
582
599
600
581
576
555
546
523
518
519
522
547
554
577
580
601
604
621
645
666
690
711
736
757
712
689
644
603
622
667
735
758
783
809
838
839
856
868
883
890
903
913
926
935
952
953
934
927
912
904
889
884
867
857
858
866
885
888
905
911
928
933
954
955
932
929
910
906
887
886
865
859
818
811
785
791
819
810
792
784
759
734
713
688
668
643
623
624
642
669
687
714
733
760
732
686
641
640
685
715
731
764
763
761
780
762
781
790
812
817
816
813
789
788
815
837
860
909
908
861
814
787
782
765
766
729
730
684
639
638
683
682
637
636
681
727
728
767
768
769
770
725
726
680
635
634
679
678
633
632
677
723
724
771
772
773
774
721
722
676
631
630
675
720
674
629
628
673
719
718
717
671
672
627
626
625
670
716
779
778
777
776
775
786
836
862
863
864
930
931
907
956
992
1016
1023
1024
1027
1067
1066
1113
1114
1192
1193
1196
1197
1198
1199
1200
1201
1202
1203
1204
1205
1206
1207
1208
1227
1226
1225
1224
1223
1222
1221
1220
1219
1218
1217
1216
1215
1209
1210
1211
1212
1194
1195
1191
1168
1167
1141
1115
1089
1112
1138
1140
1139
1068
1028
1048
1029
1025
1022
1020
1017
1015
1013
993
991
990
994
1012
1014
1018
1019
1021
1026
1030
1047
1090
1111
1116
1137
1142
1166
1169
1190
1189
1170
1165
1143
1136
1117
1110
1091
1088
1069
1070
1087
1092
1109
1118
1135
1144
1164
1171
1188
1187
1172
1163
1145
1134
1119
1108
1093
1086
1071
1065
1049
1046
1031
1032
1045
1050
1064
1072
1085
1094
1107
1120
1133
1146
1162
1173
1186
1185
1174
1161
1147
1132
1121
1106
1095
1084
1073
1063
1051
1044
1033
1009
997
987
975
970
959
949
938
923
916
900
893
880
871
853
842
833
822
806
795
794
807
821
834
841
854
870
881
892
901
915
924
937
950
958
971
974
988
996
1010
1011
995
989
973
972
957
951
936
925
914
902
891
882
869
855
840
835
820
808
793
756
737
710
691
665
646
620
619
647
664
692
709
738
755
754
739
708
693
663
648
618
605
606
617
649
662
694
707
740
753
752
741
706
695
661
650
616
615
651
660
696
705
742
751
796
805
823
832
843
852
872
879
894
899
917
922
939
948
960
969
976
986
998
1008
1034
1043
1052
1062
1074
1083
1096
1105
1122
1131
1148
1160
1175
1184
1183
1176
1159
1149
1130
1123
1104
1097
1082
1075
1061
1053
1042
1035
1007
999
985
977
968
961
947
940
941
946
962
967
978
984
1000
1006
1005
1001
983
979
966
963
945
942
921
918
898
895
878
875
849
846
829
826
802
799
803
825
830
845
850
874
873
851
844
831
824
804
797
798
750
743
704
697
659
652
614
607
608
613
653
658
698
703
744
749
748
745
702
699
657
654
612
609
610
611
655
656
700
701
746
747
800
801
827
828
847
848
876
877
896
897
919
920
943
944
964
965
980
982
981
1003
1002
1004
1038
1039
1056
1058
1078
1079
1100
1101
1126
1127
1152
1157
1151
1128
1125
1102
1099
1080
1077
1059
1055
1040
1037
1036
1041
1054
1060
1076
1081
1098
1103
1124
1129
1150
1158
1177
1182
1178
1181
1213
1214
1180
1179
1156
1153
1154
1155
230
231
239
240
248
249
256
257
258
255
250
247
241
238
232
229
228
233
237
242
246
251
254
259
260
253
252
245
243
244
235
236
234
227
222
224
226
225
223
221
220
219
218
217
216
215
214
213
1057
212
211
210
209
208
207
206
205
204
203
202
201
200
199
198
197
196
195
194
193
192
191
190
189
188
187
186
185
184
183
182
181
180
179
178
177
176
175
174
173
172
171
170
169
168
167
166
165
164
163
162
161
160
159
158
157
156
155
154
153
152
151
150
149
148
147
146
145
144
143
142
141
140
139
138
137
136
135
134
133
132
131
130
129
128
127
126
125
124
123
122
121
120
119
118
117
116
115
114
113
112
111
110
109
108
107
106
105
104
103
102
101
100
99
98
97
96
95
94
93
92
91
90
89
88
87
86
85
84
83
82
81
80
79
78
77
76
75
74
73
72
71
70
69
68
67
66
65
64
63
62
61
60
59
58
57
56
55
54
53
52
51
50
49
48
47
46
45
44
43
42
41
40
39
38
37
36
35
34
33
32
31
30
29
28
27
26
25
24
23
22
21
20
19
18
17
16
13
11
9
7
5
3
-1
EOF
