NAME : d198Preorder.7502.tour
COMMENT : Length = 7502
COMMENT : Found by LKH [Keld Helsgaun] Thu Apr 23 21:10:02 2020
TYPE : TOUR
DIMENSION : 198
TOUR_SECTION
1
40
14
15
16
17
18
19
20
21
25
26
27
24
22
23
29
30
28
34
33
36
37
32
31
38
45
54
61
62
53
46
52
65
81
76
77
78
64
50
51
47
39
35
48
49
63
79
80
91
92
105
114
113
112
106
107
111
110
109
108
167
168
182
176
173
174
175
178
179
194
195
198
197
196
186
193
192
187
185
184
180
177
181
183
189
188
191
190
166
165
164
163
151
150
145
144
137
172
171
128
170
127
129
130
126
169
125
131
132
133
136
135
134
140
141
143
142
147
146
149
148
153
152
162
161
160
159
158
157
155
154
156
139
138
124
123
120
119
118
117
116
121
122
115
104
103
102
101
93
94
95
96
90
89
97
98
88
83
82
75
74
66
70
67
60
55
44
43
56
59
68
72
73
84
87
99
100
86
85
71
69
58
57
42
41
13
12
11
10
9
8
5
4
3
6
7
2
-1
EOF
