NAME : fl1400Preorder.12609.tour
COMMENT : Length = 12609
COMMENT : Found by LKH [Keld Helsgaun] Thu Apr 23 11:31:01 2020
TYPE : TOUR
DIMENSION : 1400
TOUR_SECTION
1
209
144
160
260
165
263
265
64
76
107
2
1336
1386
1240
1348
1392
1282
1358
1337
1241
1262
1270
1283
1284
1271
1338
1242
1243
1272
1396
1244
1349
1359
1285
1286
1339
1263
1287
1398
1364
1288
1264
1245
1340
1289
1290
1273
1265
1246
1390
1350
1365
1274
1247
1248
1366
1275
1351
1393
1360
1352
1387
1249
1341
1250
1367
740
912
803
888
743
806
914
840
936
778
838
864
802
911
739
837
738
863
801
741
935
777
887
839
742
866
780
890
746
916
809
749
918
812
894
784
870
811
942
846
920
752
815
755
922
788
874
754
895
814
944
848
896
786
872
751
919
845
893
783
917
748
940
844
892
782
868
808
891
843
781
915
841
889
745
842
938
805
913
779
865
804
937
744
867
807
939
747
869
810
941
750
871
785
813
943
847
873
753
816
945
756
875
819
947
759
877
851
899
789
923
849
897
787
921
817
946
757
876
790
924
850
898
818
758
821
900
761
926
852
948
820
760
925
791
949
822
762
825
879
793
951
765
881
855
903
826
880
763
927
853
901
823
878
792
950
854
902
824
764
928
794
952
766
929
829
905
857
795
828
953
768
883
831
955
771
834
957
799
885
859
933
835
886
772
907
797
931
832
956
860
798
884
769
954
796
882
856
904
827
767
930
830
906
770
858
932
833
908
773
934
836
910
776
862
800
958
775
909
861
774
109
108
106
295
199
98
94
93
97
198
186
167
66
69
271
73
176
272
168
270
175
77
278
81
285
91
180
276
86
286
189
282
183
87
287
190
95
290
99
92
88
82
279
171
172
266
177
184
288
187
181
178
70
273
74
67
71
274
267
169
268
173
68
280
78
185
289
191
291
100
101
292
192
193
89
83
283
90
194
188
284
84
79
277
179
174
65
269
275
75
72
170
210
80
211
182
281
85
96
294
293
195
197
196
104
102
103
105
1388
1342
1251
1353
1394
1291
1361
1343
1252
1266
1276
1292
1293
1277
1344
1253
1254
1278
1397
1255
1354
1362
1294
1295
1345
1267
1296
1399
1368
1297
1268
1256
1346
1298
1299
1279
1269
1257
1391
1355
1369
1280
1258
1259
1370
1281
1356
1395
1363
1357
1260
1389
1347
1261
1371
1059
1085
999
1133
961
1024
1109
964
1135
1061
1087
963
1157
1023
1108
998
1132
960
1058
1084
959
1022
962
1156
1060
1086
1025
1158
1062
965
1088
1028
1160
1002
1136
966
1110
1000
1134
1026
1159
1001
1027
1111
967
1063
1089
1029
1112
969
1091
1065
1161
1003
1137
1030
1113
970
1139
1033
1115
1005
1067
973
1141
1036
976
1117
1007
1093
972
1163
1032
1114
1066
1162
1004
1138
1064
1090
968
1031
971
1034
1092
1006
1140
1035
1116
975
1165
1069
1095
1038
1118
1070
1166
1008
1142
1068
1164
974
1094
1037
977
1096
1040
980
1168
1010
1144
978
1167
1009
1143
1039
1119
1071
979
1145
1042
1121
1011
1097
1041
1169
1073
982
1147
1045
1123
985
1149
1015
1048
1125
988
1051
1151
1077
1103
987
1173
1047
1148
984
1101
1075
1171
1013
1099
1044
1122
1012
1146
981
1120
1072
1098
1043
1170
983
1074
1100
1014
1124
1076
1172
1046
986
1102
1049
989
1104
1052
1176
1018
1152
1078
1174
1016
1150
1050
1126
990
1105
1019
1079
1175
1017
1127
991
1153
1054
1129
1081
1177
1053
1128
1080
1154
993
1056
1107
1021
1155
994
1057
1131
997
1083
1179
996
1130
1082
1178
1020
1106
992
1055
995
4
1400
212
200
259
61
158
156
58
59
56
255
55
254
155
53
50
47
247
149
150
249
252
152
54
250
52
153
151
251
45
147
246
42
40
38
143
243
138
240
139
241
3
555
689
615
552
687
612
711
637
733
608
708
574
684
636
710
548
663
611
577
735
551
686
576
734
638
712
614
665
639
713
579
641
737
554
688
640
553
613
736
578
664
550
610
662
547
732
607
660
544
730
634
545
682
605
659
542
706
572
658
604
541
728
632
680
570
601
656
538
726
598
535
654
568
702
599
678
630
704
602
729
633
573
731
635
661
575
685
549
609
709
546
683
606
707
543
681
603
540
679
631
705
571
657
539
727
569
655
536
725
629
703
600
537
677
567
597
701
534
594
699
531
591
697
528
588
561
671
623
719
587
647
524
668
620
694
560
670
622
648
562
696
527
649
590
721
563
673
625
651
530
672
624
698
564
593
723
565
675
627
653
596
676
628
724
595
566
700
533
674
626
652
532
722
592
650
529
720
589
526
718
586
646
523
716
583
558
692
521
715
619
645
584
717
621
695
525
669
559
693
585
522
667
582
557
581
666
618
644
520
714
580
517
616
642
556
690
518
643
617
691
519
1335
1201
1311
1375
1200
1321
1327
1381
1221
1320
1199
1198
1220
1334
220
118
1333
1319
1377
1197
1209
1219
1239
1238
1310
1196
1208
1237
1332
1385
1236
1207
1309
1235
1234
1326
1318
1195
1383
1218
1194
1193
1308
1217
1233
1232
1216
1325
1206
1192
1307
1191
1374
1306
1317
1380
1231
204
26
231
29
208
133
235
132
36
28
206
23
22
228
30
207
35
134
141
239
32
230
126
24
128
205
17
122
224
202
226
227
25
123
225
20
119
221
14
12
219
5
111
215
114
214
110
11
9
10
113
112
6
213
8
7
16
223
21
124
203
121
201
13
15
19
222
117
218
217
116
18
120
27
131
33
236
34
232
129
233
130
127
229
125
234
31
137
140
244
43
245
145
146
148
46
49
48
248
51
157
258
154
253
161
163
261
262
63
164
166
264
62
162
159
60
257
57
256
44
41
136
238
237
135
242
142
39
37
115
216
1329
1214
1330
1215
1379
1316
1324
1331
396
336
470
298
361
446
301
472
364
304
448
338
496
400
474
367
307
476
370
452
342
404
500
309
477
343
453
372
430
344
478
310
373
454
313
480
376
316
456
408
504
346
432
406
502
312
405
431
345
479
375
455
407
481
315
434
378
457
318
483
381
436
410
506
348
482
379
458
319
484
382
350
460
322
385
486
352
384
438
412
508
321
485
351
461
413
487
353
463
415
355
489
327
512
387
440
324
510
414
462
325
488
354
388
464
328
391
466
418
331
492
394
468
334
420
358
444
393
516
333
467
419
332
515
392
357
491
330
514
356
490
416
442
390
465
417
443
329
513
389
441
326
511
386
439
323
509
383
320
437
411
459
349
507
380
435
317
505
409
347
433
377
314
503
374
311
501
371
429
308
403
451
341
499
368
427
305
365
425
339
497
401
449
306
475
369
428
402
450
340
498
366
426
303
473
399
447
363
471
300
424
398
494
360
422
297
395
469
335
445
397
423
337
495
302
362
299
493
359
421
296
1190
1305
1189
1373
1315
1188
1187
1376
1314
1186
1205
1213
1230
1229
1304
1185
1204
1228
1328
1384
1227
1203
1303
1226
1225
1323
1313
1184
1382
1212
1183
1182
1302
1211
1224
1223
1322
1210
1202
1181
1301
1180
1372
1300
1312
1378
1222
-1
EOF
