NAME : fl417Preorder.5535.tour
COMMENT : Length = 5535
COMMENT : Found by LKH [Keld Helsgaun] Thu Apr 23 09:43:53 2020
TYPE : TOUR
DIMENSION : 417
TOUR_SECTION
1
8
22
25
32
24
19
10
18
26
31
28
21
16
7
5
6
13
20
27
17
12
2
4
3
9
11
15
14
30
29
23
153
129
152
128
150
126
148
127
151
149
125
147
145
123
146
124
122
144
120
142
121
143
119
141
139
117
140
118
116
138
114
136
115
137
113
135
133
111
134
112
110
132
109
131
107
130
108
106
308
307
333
306
332
305
304
323
331
348
347
322
303
321
302
301
300
320
299
298
340
328
341
342
329
330
343
344
345
346
33
35
37
40
60
72
103
366
365
364
383
382
363
381
362
361
360
380
359
358
400
388
401
402
389
390
403
404
405
406
407
408
391
392
393
367
368
202
226
203
227
205
229
207
228
204
206
208
230
209
231
233
211
232
210
234
212
236
213
235
237
215
239
241
217
238
214
216
240
218
220
242
219
243
221
245
223
244
222
246
224
248
225
247
249
409
394
410
411
395
396
412
413
414
415
416
417
397
398
399
379
250
274
252
276
254
278
256
280
258
282
260
284
262
286
264
288
266
290
268
292
270
294
272
296
297
273
295
271
293
269
291
267
289
265
287
263
285
261
283
259
281
257
279
255
277
253
275
251
378
377
376
375
387
386
374
385
373
372
371
384
370
369
104
102
105
94
90
89
93
62
65
69
73
77
87
82
83
78
91
95
84
88
96
97
85
79
86
80
75
71
81
92
100
98
101
99
76
68
61
64
74
67
70
66
63
59
58
56
53
42
39
45
44
47
46
49
51
52
57
55
54
50
48
43
41
38
36
34
179
155
178
157
181
159
183
161
185
163
187
165
189
167
191
169
193
171
195
173
197
175
199
201
177
200
176
198
174
196
172
194
170
192
168
190
166
188
164
186
162
184
160
182
158
180
156
154
319
318
339
317
338
316
315
327
337
357
356
355
326
314
325
354
353
352
313
312
336
311
335
351
350
334
324
310
309
349
-1
EOF
