NAME : gr202Preorder.32961.tour
COMMENT : Length = 32961
COMMENT : Found by LKH [Keld Helsgaun] Fri Apr 24 13:57:07 2020
TYPE : TOUR
DIMENSION : 202
TOUR_SECTION
1
76
75
74
68
67
66
65
63
64
72
73
70
69
71
58
59
62
60
61
57
56
53
34
52
55
54
51
30
31
32
33
35
36
42
43
44
45
47
46
49
48
50
110
111
99
107
109
108
106
104
103
41
105
40
118
38
37
127
128
129
131
130
39
123
124
120
121
119
112
100
95
96
97
98
88
94
93
92
87
86
85
84
83
78
77
79
80
82
81
90
89
91
157
158
160
161
162
166
172
174
178
180
181
179
182
183
195
196
202
201
200
199
197
151
150
149
187
188
190
192
191
198
194
193
189
177
176
175
173
171
135
170
169
165
164
163
159
156
102
101
114
115
117
168
167
116
113
122
125
126
132
133
134
136
184
186
185
141
140
139
143
144
145
147
148
152
153
155
154
146
25
142
138
137
24
23
22
29
27
28
26
20
21
19
11
18
17
9
10
12
15
14
13
7
6
8
4
5
2
3
16
-1
EOF
