NAME : gr431Preorder.157319.tour
COMMENT : Length = 157319
COMMENT : Found by LKH [Keld Helsgaun] Sat May  2 09:24:21 2020
TYPE : TOUR
DIMENSION : 431
TOUR_SECTION
1
3
16
14
13
12
15
20
26
28
27
29
127
128
37
38
118
40
105
41
103
104
106
108
109
107
99
111
110
50
48
49
46
47
45
44
43
42
36
35
33
32
31
30
51
54
55
52
34
53
56
57
61
60
62
59
58
71
69
70
73
72
64
63
65
66
67
68
74
75
76
245
246
247
244
231
230
204
203
77
78
79
80
81
82
206
205
207
209
210
212
220
219
218
214
215
216
217
228
229
232
235
233
234
241
242
243
248
386
252
250
249
251
390
391
392
393
395
394
396
397
398
389
399
400
401
402
403
405
404
423
424
425
426
427
428
431
430
429
420
419
421
422
418
417
416
415
410
409
408
411
412
413
414
407
351
350
349
348
347
346
345
344
341
342
343
354
355
356
353
357
352
406
360
359
358
361
362
363
364
366
367
375
365
374
376
377
378
380
384
388
387
385
382
383
381
379
370
369
371
372
373
335
333
334
336
337
338
339
340
331
332
330
329
328
313
316
319
315
318
322
325
324
323
321
320
317
314
308
309
307
306
310
311
312
326
327
368
240
236
237
238
239
297
298
299
300
301
304
305
303
302
296
295
294
293
276
277
278
279
280
275
274
272
273
271
270
269
265
268
267
266
264
263
262
261
260
202
255
256
257
258
259
285
284
283
289
282
281
290
292
291
288
287
227
286
226
225
224
223
222
221
213
179
181
180
178
174
172
211
166
162
161
160
163
164
165
169
170
135
171
173
175
176
177
189
188
187
190
192
191
198
193
194
182
183
195
196
253
254
201
200
199
197
151
150
149
148
152
153
155
154
146
147
145
144
143
139
140
141
185
186
184
136
134
133
132
126
125
122
113
116
167
168
117
115
114
101
102
156
159
158
157
208
91
90
89
87
86
83
84
85
92
93
94
88
98
97
96
95
100
112
119
121
120
124
123
39
130
131
129
138
137
142
25
24
23
22
21
19
11
18
17
10
9
7
6
8
4
5
2
-1
EOF
