NAME : gr666Preorder.273953.tour
COMMENT : Length = 273953
COMMENT : Found by LKH [Keld Helsgaun] Thu Apr 23 21:12:58 2020
TYPE : TOUR
DIMENSION : 666
TOUR_SECTION
1
465
464
462
463
451
450
449
448
452
453
454
446
444
443
441
439
440
316
315
314
313
438
437
311
312
317
318
319
320
321
323
324
325
391
442
396
400
395
394
392
393
397
398
399
403
404
369
405
407
409
410
411
423
427
428
432
425
426
424
422
421
383
384
385
431
433
434
435
488
487
430
429
417
416
415
414
412
408
406
445
413
447
455
456
457
458
459
460
520
461
521
522
525
526
527
528
529
530
536
537
538
539
510
511
512
513
514
515
524
516
523
517
518
519
493
492
491
490
489
436
494
495
496
497
498
500
501
502
499
156
155
158
157
159
503
505
504
160
164
507
506
509
508
166
165
161
162
163
186
185
184
149
183
182
171
172
173
167
139
168
169
170
174
175
176
177
178
179
180
181
187
188
190
189
193
191
192
196
194
195
207
208
197
198
199
200
201
202
205
206
204
203
234
232
233
231
230
215
214
213
210
209
211
212
222
224
223
216
226
225
227
228
229
221
220
219
217
218
666
108
109
111
110
107
106
116
115
114
113
112
119
120
121
122
123
124
125
128
129
130
131
132
133
134
135
136
84
85
86
137
138
127
126
118
117
105
104
103
102
101
100
99
98
97
96
95
94
92
91
90
72
89
88
83
87
82
81
80
79
78
77
76
75
74
73
52
51
50
45
40
41
36
35
34
27
25
21
22
23
24
26
28
29
53
54
55
58
57
56
61
60
59
62
63
64
65
66
67
68
69
70
71
93
665
664
663
662
660
661
654
653
655
656
652
651
650
649
644
643
642
645
646
647
639
638
657
658
659
636
637
594
593
586
640
648
641
585
584
583
582
581
580
579
578
575
576
577
588
589
590
587
591
592
595
596
597
598
600
601
609
599
608
610
611
612
635
634
633
623
632
631
630
628
629
627
626
625
624
485
483
484
482
620
486
619
621
622
618
614
616
617
615
613
604
603
605
606
607
569
567
568
570
571
572
573
574
565
566
564
563
547
562
561
602
560
546
545
544
549
550
553
552
556
559
558
557
555
554
551
548
542
543
541
540
533
534
535
532
531
473
472
471
470
474
469
466
467
468
475
476
477
478
481
480
479
2
3
4
5
6
19
20
8
7
10
9
12
11
30
31
32
33
39
44
38
37
42
13
43
49
48
47
46
14
15
16
17
18
235
141
140
142
143
144
145
146
239
240
241
242
238
236
237
250
248
247
246
249
254
260
255
253
245
252
251
244
243
147
148
150
380
151
152
153
154
389
387
386
388
382
381
379
377
378
259
258
257
256
263
261
262
271
361
362
363
371
376
372
373
374
375
419
420
418
370
368
367
366
360
359
356
347
350
401
402
351
349
348
335
336
390
332
322
328
326
327
331
330
329
334
346
353
355
354
357
358
365
364
273
272
352
274
339
275
337
338
340
342
343
341
333
345
344
284
282
283
280
281
279
278
277
276
270
269
267
266
265
264
285
288
289
286
268
287
290
291
295
294
296
293
292
305
303
304
307
306
298
297
299
300
301
302
308
309
310
-1
EOF
