NAME : kroB200Preorder.19698.tour
COMMENT : Length = 19698
COMMENT : Found by LKH [Keld Helsgaun] Fri Apr 24 15:28:15 2020
TYPE : TOUR
DIMENSION : 200
TOUR_SECTION
1
90
21
146
46
25
9
34
57
94
180
176
27
61
35
172
157
131
178
199
145
66
133
168
114
87
165
74
60
186
196
89
43
164
50
159
185
118
106
140
183
103
77
105
16
2
109
110
42
120
125
14
64
182
83
4
6
33
15
112
128
147
82
121
156
51
195
48
31
63
126
187
13
155
78
17
192
41
148
102
44
130
200
92
151
19
135
162
137
96
119
36
45
18
24
153
160
144
55
104
193
22
23
88
171
143
177
154
191
139
173
115
54
163
116
52
58
84
7
169
72
37
184
141
47
179
81
113
79
188
65
124
127
80
20
38
152
108
166
138
86
49
134
181
30
75
69
150
101
56
100
26
62
194
132
5
197
67
198
70
149
53
170
39
40
117
190
189
111
68
10
123
142
73
85
122
93
11
3
158
28
129
91
97
76
99
8
29
136
59
175
167
32
107
71
161
12
174
98
95
-1
EOF
