NAME : nrw1379Preorder.48478.tour
COMMENT : Length = 48478
COMMENT : Found by LKH [Keld Helsgaun] Thu Apr 23 14:04:48 2020
TYPE : TOUR
DIMENSION : 1379
TOUR_SECTION
1
6
28
45
61
79
89
115
107
114
129
153
165
145
125
119
100
67
68
46
31
30
25
19
2
3
10
23
36
38
52
70
55
66
101
85
102
91
81
69
44
53
60
65
87
105
109
110
139
156
177
200
231
227
196
180
155
151
137
95
103
106
92
90
120
130
158
187
190
212
218
259
280
312
305
302
281
254
275
288
274
238
263
276
301
319
304
343
303
289
219
215
178
174
169
199
232
207
168
163
154
121
117
99
82
56
58
76
116
113
123
94
71
57
34
15
20
72
47
48
41
29
7
12
27
62
108
134
140
181
202
220
242
236
298
306
334
360
400
442
456
494
540
532
551
552
577
621
653
651
620
608
595
582
563
558
541
547
530
495
503
449
411
457
466
496
438
427
498
497
521
522
545
584
580
559
549
623
632
645
667
671
690
655
627
629
660
665
686
717
718
737
739
747
732
741
707
684
680
677
713
699
731
748
768
790
812
793
763
801
819
846
869
903
913
870
839
859
879
898
935
897
853
818
784
773
782
800
804
857
886
866
834
810
772
766
743
722
691
708
698
702
725
775
762
774
789
822
803
769
745
792
817
829
844
875
889
907
921
910
881
849
827
838
845
868
902
918
954
983
982
1000
1022
1024
1039
1036
1014
1005
1019
1001
970
957
950
951
975
959
932
942
923
960
955
993
1008
1021
1041
1053
1082
1098
1112
1148
1134
1145
1116
1139
1131
1156
1138
1136
1117
1096
1070
1089
1114
1125
1146
1170
1196
1206
1217
1188
1171
1155
1165
1187
1195
1218
1238
1235
1211
1192
1198
1215
1228
1248
1250
1257
1273
1301
1303
1331
1339
1324
1319
1310
1311
1289
1282
1288
1275
1287
1290
1293
1306
1325
1318
1302
1300
1309
1298
1284
1277
1283
1286
1292
1315
1332
1341
1340
1346
1345
1352
1363
1364
1367
1354
1355
1357
1360
1366
1374
1379
1378
1371
1372
1376
1375
1370
1377
1369
1365
1359
1353
1335
1350
1348
1347
1351
1361
1362
1373
1368
1358
1356
1344
1349
1337
1333
1320
1327
1304
1322
1328
1312
1295
1285
1265
1266
1270
1271
1258
1268
1308
1307
1296
1297
1294
1316
1329
1342
1326
1321
1334
1338
1336
1343
1330
1314
1313
1317
1323
1305
1299
1281
1291
1280
1262
1256
1269
1252
1264
1254
1243
1222
1214
1234
1244
1239
1249
1247
1261
1274
1279
1278
1263
1255
1253
1242
1224
1226
1200
1174
1173
1176
1186
1162
1182
1190
1213
1216
1205
1181
1179
1180
1194
1210
1227
1237
1185
1169
1153
1130
1119
1141
1149
1154
1124
1107
1097
1084
1073
1061
1034
1049
1069
1095
1079
1046
1027
1003
989
1010
1017
1031
1054
1044
1057
1076
1085
1120
1105
1104
1078
1067
1063
1072
1086
1090
1123
1143
1147
1158
1175
1201
1207
1178
1163
1172
1160
1161
1157
1133
1103
1110
1108
1142
1164
1204
1208
1191
1219
1229
1240
1220
1232
1241
1231
1245
1251
1267
1276
1260
1272
1259
1246
1230
1233
1203
1197
1212
1199
1184
1225
1236
1221
1193
1168
1144
1100
1102
1113
1094
1101
1075
1059
1030
1033
1028
1012
984
943
956
978
990
996
1015
1032
1055
1058
1068
1040
1051
1060
1087
1099
1118
1129
1137
1166
1167
1151
1128
1135
1150
1126
1122
1109
1088
1083
1071
1050
1043
1020
1011
998
979
964
947
927
924
906
904
928
920
900
893
883
877
863
864
861
867
873
894
908
914
922
888
885
874
878
855
830
831
807
821
841
848
858
836
826
815
814
811
785
759
758
761
733
738
704
693
666
658
635
615
626
604
591
573
575
548
565
589
618
642
646
657
679
701
724
689
683
663
624
622
588
598
571
564
539
523
477
481
482
526
515
463
444
379
393
380
342
352
376
353
339
335
348
359
371
389
365
347
333
320
309
300
294
255
270
271
297
246
240
209
205
217
195
183
149
161
127
133
142
167
192
221
214
234
258
253
267
266
248
282
287
329
346
382
385
344
326
322
311
317
299
318
337
308
293
264
286
257
251
225
204
197
223
213
201
176
198
166
150
136
141
147
157
104
86
63
78
54
37
21
35
51
43
83
93
75
50
49
73
59
77
96
111
122
138
135
148
143
162
144
132
171
222
229
268
279
278
313
349
336
323
428
422
372
361
332
307
292
272
241
208
235
233
184
173
203
189
226
230
256
250
269
290
284
285
316
321
350
367
409
417
391
407
378
355
345
351
384
398
403
425
433
475
504
519
505
499
460
454
445
458
440
413
415
404
374
338
328
310
295
273
243
245
260
283
261
244
296
341
369
401
383
356
362
325
363
375
381
364
357
366
399
410
434
419
429
451
453
489
508
527
535
529
510
514
509
490
488
474
462
459
465
484
487
500
493
470
468
464
432
414
416
402
418
405
423
431
472
492
501
506
480
452
461
467
479
478
507
516
534
543
537
531
546
567
581
605
641
596
592
611
619
600
579
586
572
555
536
542
553
557
570
593
597
616
649
630
640
659
675
673
700
714
709
744
765
767
746
781
794
816
824
786
806
796
825
832
842
872
887
876
891
909
912
929
945
961
948
930
931
965
987
985
977
997
994
1018
995
1016
1026
1029
1048
1038
1047
1045
1064
1077
1091
1081
1062
1056
1066
1065
1093
1106
1111
1132
1121
1080
1092
1140
1159
1183
1189
1209
1223
1202
1177
1152
1127
1115
1074
1052
1042
1037
1035
1023
1025
1007
1013
988
992
974
958
941
934
911
899
895
890
896
871
882
892
884
901
916
915
937
946
963
971
966
969
944
925
940
952
938
919
917
933
949
972
980
1002
986
1004
1006
1009
999
968
981
962
967
991
976
973
953
939
936
926
905
880
851
835
856
847
823
805
788
771
736
728
706
687
682
656
639
613
610
603
633
628
644
672
652
668
697
710
723
749
779
764
753
734
719
692
712
729
694
661
643
634
609
602
599
594
583
576
568
574
569
566
587
606
637
664
669
695
721
735
752
783
798
843
840
852
854
862
850
837
865
860
828
833
813
809
802
795
787
780
755
760
770
730
711
705
685
676
703
674
650
607
636
631
648
654
670
681
688
727
750
751
756
726
696
716
720
742
757
754
778
777
791
776
808
820
799
797
740
715
678
662
647
612
590
614
625
638
601
617
585
560
556
550
538
512
528
524
520
513
483
486
473
469
476
435
424
446
471
491
511
544
562
578
561
554
525
518
533
517
502
485
437
450
443
436
420
406
387
386
373
390
448
441
455
447
408
397
377
396
395
394
368
370
331
315
324
340
354
388
412
426
430
439
421
392
358
314
330
327
291
277
262
249
228
182
188
210
216
193
170
146
124
118
131
160
186
172
175
191
211
224
239
252
265
247
237
206
179
194
185
159
164
152
126
128
112
84
74
88
97
98
80
64
39
42
32
40
33
26
9
4
5
13
16
22
18
8
14
17
24
11
-1
EOF
