NAME : p654Preorder.12490.tour
COMMENT : Length = 12490
COMMENT : Found by LKH [Keld Helsgaun] Sat May  2 09:09:36 2020
TYPE : TOUR
DIMENSION : 654
TOUR_SECTION
1
549
533
534
550
551
535
522
536
552
553
554
555
556
557
2
3
4
5
15
17
587
586
608
585
584
583
607
582
606
581
605
580
579
578
577
576
603
575
574
573
16
631
615
616
632
633
617
604
618
634
635
636
637
638
639
619
640
620
641
621
622
642
302
301
300
299
303
304
308
307
311
312
316
315
319
320
324
323
327
331
335
336
332
328
329
325
321
317
313
309
305
306
310
314
318
322
326
330
334
333
337
338
342
346
350
354
358
362
366
370
369
365
361
357
353
349
345
341
340
339
343
344
348
347
351
352
356
355
359
360
364
363
367
368
372
371
375
376
377
373
374
378
382
386
390
389
385
381
380
379
383
384
388
387
391
392
393
394
643
623
624
644
645
625
610
626
646
647
648
649
650
651
627
652
628
653
629
630
654
398
402
406
410
414
418
422
426
430
434
438
442
446
450
454
458
462
461
465
466
470
474
478
482
486
490
489
488
487
483
479
475
476
480
484
485
481
477
473
469
468
472
471
467
463
464
460
459
455
451
447
443
439
435
431
427
423
419
415
411
412
416
420
424
428
432
436
440
444
448
452
456
457
453
449
445
441
437
433
429
425
421
417
413
409
405
401
397
396
400
404
408
407
403
399
395
602
601
614
600
599
598
613
597
612
596
611
595
594
593
592
591
609
590
589
588
19
18
50
53
54
55
56
58
59
61
60
57
52
51
49
48
46
45
44
42
39
38
34
33
32
31
28
27
26
21
20
24
25
23
22
29
30
35
36
37
40
41
43
47
14
62
12
11
13
8
6
7
9
10
64
63
65
66
67
69
68
70
71
72
73
104
103
105
106
298
297
293
294
290
286
282
278
274
273
277
281
285
289
288
292
296
295
291
287
283
284
280
279
275
276
272
271
267
263
259
255
251
247
243
239
240
244
245
249
248
252
253
257
256
260
264
268
269
270
266
265
261
262
258
254
250
246
242
241
237
238
234
230
226
222
221
225
229
233
232
236
235
231
227
228
224
223
219
220
216
215
211
207
203
204
208
212
213
217
218
214
210
209
205
206
572
520
519
548
547
532
571
518
517
546
570
545
516
531
569
568
567
530
515
514
529
513
566
565
564
544
528
512
511
510
509
543
563
562
542
527
508
507
506
541
561
75
78
79
76
74
77
81
80
83
84
85
89
88
87
86
82
90
93
95
92
91
94
96
97
98
99
100
101
102
202
201
197
198
194
193
192
196
200
199
195
191
187
188
189
190
186
185
184
183
179
175
171
167
163
164
165
169
168
172
176
180
181
182
178
177
173
174
170
166
162
161
160
159
155
151
147
143
139
135
131
132
136
140
144
148
152
156
157
158
154
153
149
150
146
145
141
142
138
137
133
134
130
129
125
126
122
118
117
121
120
124
128
127
123
119
115
116
112
111
107
108
109
113
114
110
560
505
504
540
526
539
559
503
502
538
558
537
501
525
500
524
499
523
498
497
496
495
494
521
493
492
491
-1
EOF
