NAME : pa561.tspPreorder.2205.tour
COMMENT : Length = 2205
COMMENT : Found by LKH [Keld Helsgaun] Thu Apr 23 21:22:00 2020
TYPE : TOUR
DIMENSION : 561
TOUR_SECTION
1
324
331
325
326
327
330
332
329
334
333
346
345
344
343
347
348
349
350
352
354
353
339
356
341
421
340
342
362
357
358
355
359
360
361
363
380
428
434
382
440
383
381
384
364
365
366
369
368
367
386
389
390
370
371
373
374
372
376
375
377
379
378
397
396
394
395
455
456
457
458
479
469
453
454
451
450
393
391
392
449
388
387
443
385
441
442
439
438
437
445
446
444
448
452
447
467
462
463
466
468
470
477
478
476
471
472
473
474
549
550
546
465
464
544
543
542
545
547
526
527
539
548
552
551
475
556
557
561
560
559
558
555
553
554
541
540
537
538
531
528
529
530
532
533
534
535
536
283
284
285
286
287
282
252
269
281
270
271
268
249
250
251
233
234
235
237
238
248
236
239
266
267
275
264
263
262
265
310
311
313
321
303
297
298
293
296
312
277
276
274
278
279
273
272
288
289
280
292
291
290
295
294
299
300
301
308
307
309
306
302
304
305
322
323
320
319
314
315
316
317
318
261
260
259
258
254
257
256
255
224
225
221
218
219
220
226
227
253
203
201
198
199
202
204
200
197
210
211
214
212
213
208
209
207
206
205
195
196
194
193
192
190
187
191
215
216
217
137
138
151
152
222
223
241
242
243
244
245
246
247
240
230
229
228
148
147
150
149
143
146
142
171
169
141
140
134
145
136
135
133
132
131
130
129
124
125
121
165
139
166
167
168
480
170
144
501
502
503
504
505
506
511
509
507
231
508
232
523
524
525
522
521
510
520
514
513
512
496
498
499
515
516
519
518
460
461
459
517
500
416
415
494
497
495
492
491
490
489
488
484
483
485
486
487
493
410
411
414
417
413
436
432
435
433
430
429
427
426
422
338
351
336
337
420
335
419
418
398
403
404
423
424
425
431
407
412
408
409
406
405
401
402
399
400
328
158
159
481
482
160
161
164
162
157
155
156
163
113
112
117
120
116
119
118
179
122
126
123
127
128
186
188
185
183
184
189
95
97
98
96
94
93
73
92
91
90
78
76
67
66
75
79
77
80
100
99
103
102
104
105
89
101
81
82
83
88
87
86
85
84
74
65
64
63
62
61
60
59
68
58
69
70
53
54
71
56
72
57
181
182
180
178
177
49
55
50
46
51
52
45
32
41
37
36
12
13
29
30
35
33
34
22
23
31
24
25
26
27
28
14
15
21
16
17
18
19
20
7
9
8
6
5
11
10
3
39
2
4
38
40
44
47
43
42
172
173
174
48
175
176
114
115
111
110
107
108
109
154
106
153
-1
EOF
