NAME : pcb3038Preorder.122997.tour
COMMENT : Length = 122997
COMMENT : Found by LKH [Keld Helsgaun] Fri Apr 24 12:21:06 2020
TYPE : TOUR
DIMENSION : 3038
TOUR_SECTION
1
2
12
13
3
4
14
15
5
6
16
17
7
8
18
19
9
10
20
21
31
32
22
23
24
25
26
27
28
29
30
40
39
38
37
36
68
35
34
33
137
190
191
192
193
194
195
196
211
212
43
41
42
46
47
48
49
50
51
52
53
54
55
56
57
69
79
80
70
71
81
82
72
73
74
75
76
77
78
88
87
86
85
84
83
140
246
245
244
139
243
242
253
252
241
240
138
67
66
65
64
63
62
61
60
59
58
44
45
215
216
217
223
218
224
219
220
221
222
225
226
235
234
233
227
232
231
230
229
228
213
214
372
373
391
390
383
389
388
387
386
385
384
400
432
236
237
238
239
399
395
421
420
419
418
417
416
415
414
413
412
410
409
411
408
407
406
405
404
403
402
401
628
627
625
624
623
622
621
620
619
618
626
617
616
632
633
659
658
656
657
660
631
630
629
661
662
663
664
665
666
667
668
439
438
437
436
435
434
433
440
449
448
447
446
445
444
443
442
276
277
278
279
280
281
282
283
441
423
422
265
266
264
263
424
425
426
427
428
429
430
431
256
257
258
259
260
261
262
255
254
247
248
249
250
251
267
268
269
270
271
272
273
141
274
275
284
285
142
143
144
107
106
105
104
103
102
101
100
99
89
90
91
112
92
93
94
95
96
97
108
98
109
110
111
286
287
288
289
290
291
292
114
113
300
302
489
461
299
298
297
296
295
294
293
468
467
466
465
459
464
463
462
460
457
714
713
711
712
716
715
456
455
454
453
452
458
451
450
675
674
673
672
671
669
670
649
650
648
652
651
653
654
644
635
634
854
855
636
637
856
638
639
640
857
641
642
643
647
646
645
676
680
677
655
700
678
679
681
682
683
684
685
686
687
688
689
923
900
718
717
719
720
721
722
723
724
911
909
908
907
906
905
904
903
902
922
901
921
920
919
918
917
916
915
914
913
910
912
726
725
727
728
729
730
735
731
732
733
734
690
691
692
693
694
696
695
697
698
699
701
702
710
709
708
707
706
705
704
703
475
474
473
472
471
470
469
477
476
486
485
488
487
484
483
482
481
480
478
479
511
510
509
508
507
506
505
504
503
502
501
500
499
498
497
496
746
495
494
493
492
491
490
737
738
739
740
736
741
742
743
744
745
747
512
324
323
312
322
321
311
310
309
320
319
318
317
316
308
307
315
314
313
305
306
304
303
301
115
116
117
118
120
119
145
146
150
149
148
147
121
122
123
124
151
152
153
125
126
127
154
155
128
129
130
131
156
133
132
157
158
159
160
514
513
515
758
757
756
755
754
753
752
751
750
749
748
924
925
926
927
928
932
929
937
930
933
934
931
938
948
947
949
946
950
945
944
943
942
936
935
941
940
939
1162
1163
1164
1165
1166
1167
1168
1169
1170
1180
1179
1178
1177
1176
1175
1174
1173
1172
1171
1363
1349
1350
1362
1361
1351
1352
1353
1347
1348
1354
1355
1356
1358
1360
1359
1357
1346
1345
1344
1343
1342
1341
1340
1339
1338
1337
1336
1890
1889
1894
1895
1896
1897
1898
1899
1891
1900
1905
1901
1902
1892
1893
1903
1904
1916
1915
1914
1913
1912
1911
1910
1991
1998
1999
1992
1993
2000
2005
2001
2002
2003
2006
2016
2015
2014
2013
2012
2011
2010
2009
2008
2007
2004
1994
1995
1996
1997
1990
1909
1906
1908
1907
1874
1875
1876
1877
1878
1879
1975
1976
1977
1978
1989
1988
1987
1986
1981
1985
1984
1983
1982
2029
2028
2030
2082
2083
2084
2085
2086
2087
2088
2089
2090
2031
2032
2098
2099
2100
2101
2102
2103
2104
2110
2105
2111
2106
2112
2107
2108
2109
2114
2113
2122
2123
2125
2124
2121
2120
2119
2118
2117
2116
2115
2145
2144
2146
2148
2147
2224
2225
2226
2149
2227
2228
2229
2230
2231
2252
2251
2250
2249
2248
2247
2246
2245
2223
2244
2243
2258
2756
2757
2758
2759
2760
2761
2766
2762
2763
2764
2765
2259
2769
2768
2767
2778
2779
2780
2793
2792
2814
2813
2812
2811
2810
2809
2808
2818
2807
2788
2789
2790
2791
2777
2776
2775
2774
2773
2772
2771
2770
2755
2754
2753
2752
2751
2745
2750
2749
2748
2747
2746
2781
2667
2214
2735
2736
2253
2737
2738
2739
2740
2741
2256
2742
2743
2744
2257
2242
2222
2241
2240
2239
2238
2237
2255
2254
2236
2235
2234
2233
2232
2212
2215
2216
2217
2218
2219
2220
2221
2143
2097
2096
2142
2141
2095
2094
2093
2092
2091
2081
2080
2140
2139
2186
2185
2184
2187
2183
2182
2188
2197
2198
2199
2191
2200
2201
2213
2211
2210
2209
2208
2207
2206
2196
2195
2205
2204
2203
2202
2192
2193
2194
2189
2190
2179
2180
2137
2181
2138
2076
2075
2074
2073
2072
2071
2070
2069
2068
2067
2066
2077
2078
2079
2063
2136
2061
2025
2064
2062
2065
2027
2026
1962
1963
1964
1961
1965
1959
1966
1967
1968
1969
1960
1958
1957
1956
1955
1954
1950
1953
1952
1951
1948
1949
2024
1947
1931
1930
1929
1928
1835
1831
1832
1833
1825
1824
1823
1830
1822
1821
1829
1820
1819
1818
1817
1828
1816
1815
1827
1814
1813
1799
1772
1773
1774
1775
1776
1777
1778
1800
1801
1779
1780
1741
1742
1781
1802
1803
1782
1804
1783
1784
1785
1805
1806
1786
1787
1788
1749
1750
1748
1747
1744
1743
1745
1746
1751
1752
1753
1754
1709
1710
1711
1673
1671
1672
1670
1669
1668
1667
1666
1665
1664
1663
1661
1660
1659
1658
1652
1653
1657
1656
1655
1654
1640
1639
1638
1637
1636
1635
1633
1634
1651
1662
1630
1629
1628
1627
1650
1649
1648
1647
1646
1645
1644
1643
1641
1642
1682
1708
1707
1706
2437
1705
1704
1703
1702
1681
1680
1701
1700
1699
1698
1697
1696
1740
1695
1694
1693
1692
1691
1690
1729
1730
1731
1733
1736
1737
1738
1739
1735
1734
1732
1727
1728
1771
1798
1770
1769
1723
1768
1797
1767
1766
1765
1022
1021
1020
1019
1018
1017
1012
1011
846
847
848
849
1013
850
836
835
834
833
832
831
830
829
843
844
845
1010
1016
1015
1014
1674
1675
1683
1684
1685
1721
1718
1715
1716
1717
1719
1720
1722
1726
1725
1689
1679
1688
1687
1724
1686
1678
1677
1676
1009
1008
1007
1006
1004
1005
1003
1002
1001
1000
999
998
997
996
1256
1255
1242
1243
1244
1245
1254
1253
1246
1252
1247
1241
1248
1249
1250
1251
1239
1238
1237
1236
1235
1234
1240
1233
1232
1231
1230
1229
1228
1432
1418
1417
1502
1503
1501
1500
1530
1531
1419
1420
1421
1429
1430
1433
1434
1436
1437
1438
1439
1440
1441
1442
1443
1431
1422
1423
1424
1425
1426
1428
1427
1541
1540
1539
1538
1537
1536
1535
1534
1532
1533
1529
1528
1525
1524
1523
1522
1521
1520
1517
1519
1518
1515
1514
1513
1516
1512
1511
1510
1509
1508
1507
1506
1505
1504
1526
1527
1499
1498
1497
1496
1477
1476
1475
1474
1473
1480
1472
1471
1481
1470
1469
1468
1482
1484
1485
1492
1486
1483
1487
1488
1489
1490
1479
1478
1491
1495
1494
1400
1399
1398
1397
1396
1493
1395
1394
1393
1467
1392
1403
1404
1405
1406
1407
1402
1401
1408
1409
1410
1411
1412
1413
1416
1414
1415
1435
1215
1214
1213
1212
1211
1210
1209
1208
1203
1202
1207
1206
1205
1201
1204
1227
1226
1225
1224
1223
1222
1221
1219
1218
1217
1216
1083
1220
1082
1081
1080
1079
1078
1077
1076
1067
1068
1069
1070
1072
1071
1073
1074
1075
977
976
974
975
973
972
971
970
969
790
791
789
792
793
794
795
788
796
979
978
981
980
821
797
982
983
984
985
986
987
988
995
989
990
991
992
824
993
994
825
826
827
828
851
809
810
811
812
813
814
815
816
817
822
818
819
820
823
798
799
800
801
802
803
804
805
806
808
807
583
584
585
586
592
593
594
595
597
596
598
599
600
601
602
603
591
590
589
588
587
582
581
580
579
578
577
576
575
574
571
553
570
554
787
786
785
784
783
782
781
780
779
778
540
541
547
548
549
555
556
550
551
552
559
562
563
564
566
567
568
569
558
557
543
542
546
544
545
346
350
351
352
565
353
354
355
356
365
560
561
572
573
371
370
374
375
376
377
378
382
379
380
381
392
398
397
396
393
394
604
605
606
607
608
609
610
611
612
613
614
615
840
839
837
838
852
842
841
853
858
859
860
861
862
863
864
865
866
867
868
879
878
1029
1028
877
876
875
1027
1026
874
873
1025
872
871
870
869
1024
1023
1031
1032
1033
1034
1035
1036
1037
1038
1039
1040
1041
1030
1043
1042
880
881
882
883
884
885
886
887
888
889
890
891
899
898
897
896
895
894
893
892
1044
1119
1120
1121
1122
1123
1124
1125
1126
1045
1140
1141
1142
1143
1144
1046
1047
1147
1146
1145
1149
1154
1155
1156
1157
1158
1159
1160
1161
1335
1334
1333
1332
1331
1330
1329
1328
1327
1326
1325
1324
1323
1322
1320
1321
1153
1152
1151
1150
1148
1131
1139
1130
1138
1129
1137
1136
1128
1135
1134
1127
1133
1132
1301
1300
1299
1302
1303
1298
1304
1305
1306
1307
1308
1297
1296
1295
1294
1293
1291
1292
1290
1289
1288
1283
1282
1284
1285
1286
1287
1118
1117
1116
1115
1098
1097
1095
1096
1094
1093
1092
1091
1090
1089
1088
1087
1086
1085
1084
1100
1099
1103
1257
1104
1101
1105
1106
1107
1108
1109
1110
1111
1112
1113
1102
1114
1280
1279
1278
1277
1276
1275
1269
1274
1272
1271
1273
1270
1258
1259
1260
1268
1261
1262
1263
1264
1265
1266
1267
1281
1826
1837
1838
1839
1843
1844
1845
1846
1847
1848
1849
1850
1851
1852
1863
1310
1309
1312
1311
1313
1314
1315
1316
1317
1318
1319
1873
1872
1871
1870
1888
1880
1881
1887
1869
1868
1867
1866
1865
1884
1883
1882
1885
1974
1973
1886
1972
1971
1980
1979
1970
1864
1861
1862
1853
1854
1855
1856
1857
1858
1859
1860
1842
1841
1840
1836
1932
1946
1945
1944
1943
1942
1941
1940
1927
1919
1918
1834
1917
1925
1926
1939
1938
1937
1924
1923
1936
1935
1922
1921
1920
1933
1934
2019
2020
2021
2022
2023
2040
2041
2042
2043
2044
2045
2046
2060
2135
2134
2059
2058
2057
2056
2055
2054
2053
2039
2038
2052
2051
2037
2036
2035
2034
2018
2017
2033
2047
2048
2049
2050
2131
2133
2132
2130
2129
2128
2127
1807
1808
1789
1790
1809
1791
1755
1792
1810
1811
2126
2150
2151
2152
2153
2154
2155
2156
2157
2158
2159
2160
2161
2162
2163
2164
2178
2177
2176
2175
2174
2173
2172
2171
2170
2169
2632
2631
2630
2168
2167
2166
2165
2628
2629
2633
2634
2635
2671
2670
2669
2668
2475
2495
2494
2474
2493
2492
2491
2490
2489
2510
2511
2512
2513
2514
2523
2515
2516
2692
2693
2694
2695
2696
2697
2698
2699
2686
2685
2684
2683
2682
2672
2673
2636
2674
2675
2637
2676
2677
2687
2700
2701
2688
2689
2702
2703
2704
2691
2690
2681
2680
2679
2678
2640
2638
2639
2641
2642
2643
2644
2645
2646
2647
2648
2666
2665
2664
2649
2650
2663
2662
2661
2660
2659
2658
2657
2656
2655
2654
2653
2652
2651
2710
2723
2721
2719
2717
2715
2709
2708
2707
2706
2705
2712
2713
2714
2716
2718
2720
2722
2724
2726
2725
2727
2728
2730
2729
2731
2732
2734
2733
2711
2782
2794
2795
2796
2797
2798
2783
2799
2800
2801
2784
2785
2802
2815
2803
2804
2786
2787
2806
2805
2816
2831
2833
2834
2832
2817
2835
2836
2837
2838
2839
2819
2840
2841
2844
2842
2843
2845
3001
3013
3038
3037
3033
3032
3031
3012
3011
3000
2999
2998
2997
3009
3010
3029
3030
3028
3027
3008
3007
2996
2995
2994
3003
3004
3005
3006
3025
3026
3024
3023
3002
2993
2992
2991
3021
3022
3020
3018
2990
2989
2829
2830
2826
2825
2828
2824
2823
2827
2822
2821
2820
2981
2983
3014
3015
2984
2982
2985
2986
2987
2988
3017
3016
3019
3036
3035
2979
2978
2977
2956
2957
2958
2937
2938
2916
2893
2894
2869
2868
2867
2866
2865
2864
2863
2862
2887
2888
2889
2890
2891
2892
2915
2914
2936
2935
2913
2912
2934
2955
2976
2975
2974
2953
2954
2933
2911
2910
2932
2931
2952
2973
2972
2971
2950
2951
2930
2908
2909
2886
2861
2860
2885
2884
2907
2929
2928
2927
2948
2949
2970
2969
2968
2947
2946
2967
2966
2945
2944
2965
2964
2963
2962
2961
2960
2939
2918
2896
2901
2897
2919
2940
2941
2920
2898
2899
2921
2942
2943
2922
2900
2980
2923
2924
2902
2880
2881
2903
2925
2926
2904
2905
2906
2883
2882
2849
2859
2848
2858
2857
2879
2878
2856
2855
2877
2876
2854
2853
2875
2874
2852
2847
2851
2873
2895
2872
2850
2846
2871
2870
2917
3034
2959
2625
2546
2545
2544
2543
2542
2541
2540
2563
2564
2565
2584
2603
2604
2624
2623
2622
2602
2627
2582
2581
2583
2580
2561
2562
2539
2538
2537
2560
2559
2578
2579
2598
2599
2600
2601
2621
2620
2619
2618
2617
2597
2596
2616
2615
2595
2576
2577
2558
2536
2535
2557
2556
2534
2533
2555
2574
2575
2594
2614
2613
2593
2592
2612
2611
2610
2609
2608
2607
2587
2568
2567
2586
2606
2605
2585
2566
2412
2410
2547
2548
2549
2550
2569
2588
2589
2570
2573
2571
2590
2591
2572
2626
2554
2553
2532
2531
2530
2529
2552
2551
2528
2517
2526
2525
2527
2524
2408
2407
2409
2406
2404
2388
2387
2386
2385
2384
2383
2382
2381
2389
2390
2391
2392
2393
2394
2395
2396
2411
2413
2414
2354
2353
2352
2351
2350
2347
2345
2346
2348
2349
2324
2323
2322
2321
2326
2327
2328
2325
2320
2318
2317
2319
2415
2316
2315
2299
2298
2297
2300
2313
2314
2312
2301
2302
2311
2310
2303
2296
2304
2305
2309
2308
2307
2306
2295
2342
2343
2344
2340
2341
2338
2339
2278
2286
2294
2293
2285
2284
2292
2291
2283
2282
2290
2289
2281
2280
2288
2287
2279
2260
2262
2263
2269
2264
2265
2266
2261
2267
2268
2276
2277
1610
2275
2274
2273
2272
2271
2270
1566
1567
1577
1587
1584
1586
1585
1576
1568
1569
1570
1571
1572
1573
1574
1575
1579
1580
1582
1583
1581
1550
1549
1548
1547
1552
1546
1545
1543
1542
1544
1553
1554
1555
1556
1557
1558
1559
1560
1561
1562
1551
1564
1578
1611
1612
2329
2331
2332
2336
2335
2333
2334
2330
2356
2357
2355
2358
2359
2360
2361
2362
2398
2400
2402
2364
2365
2366
2367
2372
2371
2368
2369
2370
2337
2380
2379
2378
2377
2376
2373
2375
2374
2403
2405
2496
2497
2476
2477
2498
2499
2478
2470
2471
2472
2480
2479
2500
2501
2502
2481
2482
2503
2518
2504
2483
2484
2485
2506
2505
2519
2520
2521
2522
2507
2508
2509
2488
2487
2486
2473
2459
2438
2439
2460
2461
2440
2441
2462
2463
2442
2443
2464
2465
2444
1764
2445
2466
2467
2468
2446
1796
1795
1812
1794
1793
1757
1756
1758
1759
1763
1762
1761
1760
1712
1713
1714
2425
2424
2423
2422
2421
2420
2419
2418
2417
2416
2426
2427
2428
2429
2430
2431
2363
2432
2433
2434
2435
2436
2458
2457
2456
2455
2454
2453
2452
2451
2450
2449
2448
2469
2447
2401
2399
2397
1632
1631
1621
1622
1625
1623
1624
1620
1619
1618
1617
1616
1615
1613
1614
1626
1589
1588
1590
1591
1592
1593
1594
1595
1596
1597
1598
1599
1600
1601
1602
1604
1603
1605
1606
1607
1608
1609
1565
1464
1465
1466
1461
1451
1450
1449
1448
1447
1446
1563
1445
1444
1453
1454
1452
1455
1456
1457
1458
1459
1460
1462
1463
1375
1376
1374
1373
1372
1371
1370
1369
1368
1364
1365
1366
1367
1377
1378
1379
1380
1381
1382
1389
1383
1384
1390
1391
1187
1186
1188
1189
1190
1185
1184
1388
1387
1183
1182
1386
1385
1181
1191
1192
1193
1194
1195
1196
1197
1198
1199
1200
1065
1064
1063
1058
1057
1062
1061
1060
1059
1048
1049
961
962
1050
1052
1053
1051
1054
1055
1056
965
1066
966
967
968
953
960
959
958
952
957
964
963
956
955
954
951
770
771
772
773
768
774
775
776
777
769
767
766
765
760
764
763
762
761
759
516
517
518
519
520
523
521
522
527
528
529
530
532
533
535
534
536
537
526
524
525
538
539
325
326
327
335
334
328
329
330
531
331
332
345
347
333
338
185
340
339
341
342
343
336
337
344
183
184
173
174
175
176
177
179
181
178
182
180
186
197
200
348
363
362
361
360
359
358
357
368
366
367
369
210
209
208
207
199
206
205
204
203
202
364
349
201
198
189
188
187
172
171
170
169
168
136
167
166
135
165
164
161
163
134
162
11
-1
EOF
