NAME : pr226Preorder.7059.tour
COMMENT : Length = 7059
COMMENT : Found by LKH [Keld Helsgaun] Thu Apr 23 18:18:32 2020
TYPE : TOUR
DIMENSION : 226
TOUR_SECTION
1
74
77
78
80
83
84
86
85
82
81
79
76
75
73
72
71
68
69
70
66
103
111
112
105
104
113
114
106
107
115
116
108
109
117
118
110
126
119
120
128
127
121
122
123
124
125
132
130
131
129
133
136
135
134
195
196
198
199
201
203
204
206
207
209
211
212
214
216
218
220
223
225
226
224
222
221
219
217
215
213
210
208
205
202
200
197
194
193
192
191
190
189
188
187
186
185
184
183
182
181
180
179
178
177
176
175
174
173
172
171
170
169
168
167
166
165
164
163
162
161
160
159
158
157
155
156
154
153
152
151
147
149
148
150
143
142
141
140
139
145
146
138
137
144
94
102
101
93
92
100
99
91
90
98
97
88
89
96
95
87
43
41
40
42
39
38
37
44
47
46
45
48
49
33
32
31
36
35
34
30
29
27
28
26
25
24
23
22
21
50
52
54
55
57
60
62
64
63
61
59
58
56
53
51
20
65
19
18
17
67
16
12
13
11
10
15
14
9
7
8
6
5
4
3
2
-1
EOF
