NAME : pr299Preorder.8398.tour
COMMENT : Length = 8398
COMMENT : Found by LKH [Keld Helsgaun] Fri Apr 24 13:54:31 2020
TYPE : TOUR
DIMENSION : 299
TOUR_SECTION
1
4
2
5
7
8
9
10
11
12
13
14
88
90
89
91
86
85
87
94
96
97
95
98
83
84
99
101
100
102
76
78
77
75
80
82
81
79
22
20
19
16
15
17
18
21
23
24
25
26
27
28
29
73
72
74
71
69
70
67
68
66
64
105
65
107
62
63
33
34
30
31
32
35
36
38
37
42
40
41
43
45
46
44
47
48
49
50
51
52
53
54
56
55
116
114
115
117
119
118
121
122
120
180
181
182
183
184
185
186
256
254
260
259
257
258
262
264
265
267
268
266
263
261
255
252
253
188
190
189
179
187
178
176
177
175
125
124
126
127
123
113
111
112
58
57
39
60
59
61
110
106
108
109
128
172
171
173
174
169
170
195
194
191
192
251
250
248
249
244
245
246
247
193
196
242
243
269
270
271
239
240
241
237
236
238
272
273
274
235
234
198
197
167
168
201
166
165
131
130
104
129
132
103
133
135
134
137
136
138
162
163
164
202
200
199
228
203
229
231
230
233
232
277
276
275
279
278
281
282
283
280
284
285
286
219
221
222
209
220
224
223
226
225
227
299
205
206
204
207
208
210
211
160
161
140
139
141
142
143
157
158
159
213
212
218
216
217
287
288
289
291
290
292
293
295
297
298
296
294
215
214
156
155
154
153
152
151
150
149
147
148
145
146
144
93
92
6
3
-1
EOF
