NAME : rl1304Preorder.69981.tour
COMMENT : Length = 69981
COMMENT : Found by LKH [Keld Helsgaun] Thu Apr 23 22:39:46 2020
TYPE : TOUR
DIMENSION : 1304
TOUR_SECTION
1
557
558
559
560
561
562
732
961
960
959
958
957
2
1225
1263
1019
1262
1026
402
563
564
565
1154
477
1285
1155
577
1156
1175
578
416
414
413
415
417
445
444
443
412
315
411
410
409
408
407
406
405
404
403
1224
990
428
1091
1102
1100
1020
4
92
993
1058
1099
1101
1266
1265
1090
427
1151
1150
1236
1025
3
992
91
90
89
88
87
86
85
84
83
1267
281
954
955
776
956
82
1217
554
556
383
327
555
553
552
551
550
81
549
548
280
547
546
545
544
543
542
537
377
1215
863
376
862
536
225
238
191
190
151
165
189
188
187
186
185
183
182
184
156
157
1255
1284
158
159
160
646
215
650
268
1212
269
270
271
272
273
274
275
276
277
278
279
324
1221
1211
1188
1223
1268
977
966
1159
777
282
1160
1163
1257
1126
971
1045
885
319
916
263
969
1219
218
219
935
264
917
320
538
886
1046
972
1094
1095
1096
283
778
1097
967
870
873
378
983
1098
978
965
779
284
773
772
771
770
769
768
539
321
767
265
766
765
369
694
647
212
213
214
217
216
1216
146
145
144
143
142
141
140
139
138
137
136
135
134
133
132
131
130
129
128
127
126
125
654
1254
233
232
231
1233
1210
449
1214
1192
506
396
1205
1222
397
518
248
898
849
866
899
249
519
950
672
497
398
682
478
928
448
860
1032
226
239
201
202
203
120
204
205
206
207
208
209
210
211
176
178
177
152
175
1197
174
173
172
171
166
726
725
724
723
722
721
720
719
121
718
717
651
197
227
240
356
355
354
353
352
351
350
349
348
347
346
250
345
344
343
342
341
340
339
715
716
1229
1000
608
1196
609
610
611
251
520
612
613
498
399
614
615
479
616
425
357
241
228
198
617
618
619
122
620
621
622
623
624
625
626
627
167
628
629
630
631
632
153
633
634
635
636
637
638
639
583
640
641
642
648
649
1198
764
763
584
704
762
761
760
759
758
736
154
674
757
727
756
755
168
754
753
752
751
750
853
1055
652
229
199
1125
123
938
749
1029
1152
861
829
169
989
976
728
891
675
685
686
687
688
689
690
691
585
692
693
370
952
936
266
918
322
540
887
1047
973
1127
1137
1138
285
1139
979
871
1140
874
984
379
93
994
5
1059
1021
1141
1142
1143
1144
1092
429
991
476
1145
487
442
1146
466
1147
1148
1259
421
1133
1135
1136
418
1134
1132
316
1131
1130
1129
1258
1239
1230
1018
1017
1016
1015
1014
6
995
94
380
985
875
1013
872
980
1012
286
1011
1010
1009
974
1008
888
541
323
919
267
937
953
371
968
1200
155
684
676
703
702
701
700
170
699
698
697
696
695
1199
939
854
124
1007
1006
653
200
230
358
426
929
480
683
400
499
673
951
521
1209
852
252
851
1208
850
1195
1053
1001
734
949
1061
1194
592
591
570
434
62
471
590
508
589
588
587
586
1193
1256
1049
791
796
1120
1110
923
465
1115
1106
1109
922
464
1108
1107
602
527
1112
933
799
455
603
1064
1238
1063
528
456
1062
800
934
34
119
1237
1204
731
804
803
1264
495
468
118
33
831
798
832
454
566
526
601
833
834
835
836
837
463
838
839
840
795
790
841
842
97
843
844
512
845
38
437
37
332
333
334
513
846
847
848
507
1027
812
470
433
569
1028
594
25
714
336
335
337
338
24
53
52
51
50
49
48
47
46
45
44
41
40
39
424
905
1048
789
96
904
788
794
913
921
462
1114
1171
1105
1065
530
529
1173
1168
1068
1104
1170
1113
461
920
1213
927
912
1253
1111
793
787
903
95
98
99
100
101
102
103
104
105
106
107
108
55
109
713
1190
811
432
575
593
26
1201
595
999
574
1186
67
68
69
70
247
253
254
255
256
257
505
485
931
246
1054
659
181
855
1185
658
1119
245
453
930
484
504
262
395
74
394
393
391
392
66
112
54
390
389
388
387
386
384
385
670
671
516
669
441
668
331
475
667
666
665
664
784
786
902
785
911
926
783
880
663
782
816
662
817
818
819
820
821
474
423
822
330
43
823
440
824
825
515
826
827
828
810
511
1069
56
57
58
59
60
600
61
599
30
1052
607
1070
897
1039
606
1038
29
598
65
573
998
436
111
473
1037
510
809
1036
1035
948
514
858
915
439
882
42
1278
1174
1057
910
901
1121
661
1123
781
879
925
1117
460
1252
1191
1103
1067
1167
1169
604
1166
531
458
35
31
801
802
457
567
797
932
117
32
116
115
496
1189
114
467
469
431
1218
1276
735
1203
1275
1206
1207
1279
730
113
419
36
568
1172
1066
1124
1280
1281
459
1116
924
878
780
1122
660
1282
900
1277
422
859
329
1034
881
1231
438
914
1232
1269
1270
808
509
1164
472
110
1226
1227
1228
1234
63
27
1235
1050
596
571
1202
435
997
572
64
597
28
1051
605
1271
1288
1290
1292
1293
522
906
1291
1002
1289
896
71
1003
907
523
259
501
679
805
1300
258
678
500
1180
481
450
242
1294
1295
1181
1182
1296
1297
856
1302
1301
655
1040
1041
1042
1043
1044
1030
987
830
814
579
360
361
359
1298
1299
1303
1304
365
363
362
364
179
366
367
368
161
147
192
234
1273
1272
220
372
864
1086
883
1249
1087
710
1088
774
1274
1240
867
981
1250
868
962
1023
876
1241
1242
1077
325
381
1078
1243
1286
1082
1244
1083
420
401
1084
1246
970
1085
1247
1248
1149
1165
964
733
23
1187
76
78
77
75
494
493
492
491
490
489
488
430
486
1251
1245
1287
1177
1179
1081
1093
1022
1080
1060
1079
996
1089
382
326
986
877
1161
1024
963
982
869
79
1076
775
328
1075
975
1162
1128
1158
711
884
865
373
532
221
193
582
581
580
792
892
893
894
162
148
643
194
235
222
533
895
742
374
741
534
223
236
195
644
149
163
740
739
738
737
180
889
1033
815
813
988
1074
1031
1073
1056
857
1072
656
1071
243
451
482
502
680
260
806
524
908
1004
72
73
1005
909
525
807
261
681
503
483
452
244
1118
657
1178
940
941
942
943
944
945
946
890
729
677
947
705
706
164
150
645
196
237
224
535
707
375
708
1260
709
743
712
744
745
746
747
748
287
288
289
80
290
291
292
293
294
295
296
297
298
299
300
301
302
303
304
305
306
307
1220
1261
308
309
310
311
312
313
314
446
517
1184
1157
1176
576
447
1183
1283
1153
317
318
22
21
20
19
18
17
16
15
14
13
12
11
10
9
8
7
-1
EOF
