NAME : rl1323Preorder.76692.tour
COMMENT : Length = 76692
COMMENT : Found by LKH [Keld Helsgaun] Sat May  2 08:52:18 2020
TYPE : TOUR
DIMENSION : 1323
TOUR_SECTION
1
15
117
1198
1136
215
1135
265
68
1183
161
1166
1043
28
1007
1217
885
1173
346
830
535
515
1207
1168
1034
1103
514
534
829
345
1172
1189
884
1197
1006
27
1042
1320
1165
160
139
164
165
168
67
264
1170
1321
116
762
761
115
114
113
112
1240
33
32
31
1005
1175
883
1267
963
962
344
828
1305
533
513
961
960
959
958
957
554
785
553
805
804
803
802
801
800
254
666
665
664
663
279
662
1246
1281
1277
799
798
797
796
278
795
794
793
661
660
659
658
657
656
655
654
367
1265
420
368
984
849
719
1134
720
769
770
768
767
766
765
369
443
444
445
446
447
448
449
450
451
452
1256
453
281
771
772
773
774
241
1300
981
1027
280
907
1322
242
243
244
255
896
897
898
899
900
1301
1060
786
555
1222
778
776
775
777
779
780
556
1028
1169
1104
1208
516
536
831
347
1174
886
1218
1008
29
1044
162
1045
140
1046
1047
69
266
1048
216
282
118
283
2
284
285
286
287
288
289
336
335
334
333
3
332
119
331
217
330
267
70
329
1250
1270
1271
869
163
868
30
867
866
865
864
348
863
832
537
517
862
861
860
859
557
1323
858
857
856
855
854
853
852
851
850
1269
1268
1255
1284
1283
1276
944
912
943
370
421
486
578
26
895
889
491
74
942
442
441
440
25
73
439
438
437
436
435
434
149
177
433
1295
224
632
296
295
212
294
263
1109
1192
1191
60
1238
85
84
1237
83
82
1236
81
918
457
106
306
1059
1058
197
635
1057
1106
198
1164
636
568
1026
652
354
935
1316
1159
1146
1149
1143
1158
302
240
1156
259
77
10
44
122
385
169
355
1013
43
9
76
258
1049
239
301
1050
1051
1052
1053
1317
1056
934
353
1025
567
651
1275
352
650
1024
566
634
1035
196
1036
1037
105
456
917
318
319
320
321
322
328
211
428
500
631
223
432
630
499
327
262
59
133
431
1038
455
1286
104
574
573
572
195
571
565
570
564
649
351
1023
1055
1162
1145
1148
1142
1157
1315
300
238
1155
257
75
1235
256
1068
237
1069
299
1071
1072
1070
1247
1313
1244
80
361
1067
8
42
121
357
173
171
170
356
1219
1039
384
1312
1311
1303
1304
172
120
1133
41
358
7
360
79
261
236
298
1151
1243
1152
1153
1141
1147
1074
672
1308
1154
1251
191
124
677
1096
1097
1098
1095
102
1099
1100
463
1314
190
699
700
698
131
130
129
103
128
127
126
125
193
192
489
488
487
349
676
675
674
673
1288
1073
1144
1161
1054
1022
350
569
563
633
647
303
194
304
305
454
648
575
132
721
1105
1292
1248
1249
1293
637
210
427
638
498
629
954
176
148
955
888
490
894
72
24
956
577
1319
485
419
366
365
418
1180
1309
1150
484
705
576
653
1259
1282
1266
175
702
147
703
704
1264
683
71
23
22
152
151
150
646
234
628
497
701
209
1294
1260
426
425
58
1239
138
189
462
1202
1228
101
100
99
98
97
96
95
94
93
92
1291
91
90
89
88
87
86
1094
1093
1092
1091
1090
297
235
260
78
359
1089
1254
1253
1310
1302
1252
1290
123
1177
1190
1225
1226
1137
1203
1204
1205
1200
459
186
135
55
202
1108
293
326
1111
1011
939
845
1114
504
625
643
231
401
184
837
1187
993
158
985
183
400
836
986
682
946
989
994
1196
953
988
743
746
808
20
681
157
992
1186
835
182
399
230
642
624
503
1113
844
938
1010
1110
325
292
1107
201
54
134
185
458
722
53
200
723
291
324
724
725
726
727
728
502
623
641
229
398
181
729
730
731
156
680
19
732
733
734
735
736
737
738
483
685
496
371
372
373
374
375
376
377
378
379
380
381
382
383
274
750
751
752
753
754
755
756
759
791
247
605
920
1081
919
604
246
668
758
694
693
692
691
690
689
688
687
273
711
822
821
820
819
714
818
817
816
620
815
814
813
423
430
812
494
811
810
809
481
1020
686
495
424
684
999
482
998
952
987
739
742
745
807
18
679
155
991
1185
834
180
397
228
640
622
1112
937
1009
843
501
639
227
396
179
1184
154
17
744
741
806
678
990
833
394
226
393
392
391
390
389
388
387
323
290
386
199
1242
1245
52
50
48
46
1233
45
47
49
51
1234
1241
1306
936
1307
1257
464
465
466
225
395
178
467
468
469
153
470
16
471
472
473
474
475
476
477
478
479
1258
480
1019
890
493
1232
429
422
1132
1231
911
619
995
1230
713
1016
1139
1229
1224
710
1000
272
977
913
908
891
823
1123
695
757
667
697
1124
696
245
603
609
1262
610
611
612
613
614
615
616
507
1029
1075
1101
1064
518
519
520
617
337
618
1263
1278
967
879
968
969
870
970
971
34
530
972
107
974
221
975
1279
976
11
747
973
61
141
529
35
528
527
526
525
524
523
522
521
338
307
1216
1176
871
1040
1087
36
887
142
1085
62
108
1181
1128
12
222
748
878
877
876
109
63
875
143
874
37
873
872
1121
1120
880
964
839
339
308
881
1179
965
309
840
340
825
1080
509
1066
1079
1031
1065
1118
1119
824
508
1102
1030
1076
781
901
1117
1082
921
606
249
248
792
790
1296
669
1125
892
914
978
909
982
1129
250
607
922
1083
1130
902
782
558
559
560
561
510
1261
538
539
540
341
541
310
542
543
544
545
546
547
548
38
549
144
550
64
562
218
219
220
271
270
213
269
268
110
65
166
933
1289
145
39
317
316
315
314
313
312
311
841
342
932
826
531
511
931
930
929
928
927
551
783
904
926
925
924
923
1223
903
1084
608
251
670
916
1215
1126
983
893
910
915
979
275
1001
712
1214
1213
1140
1017
716
1015
715
1014
997
362
416
415
414
413
412
411
410
409
408
407
21
406
405
404
403
402
232
644
626
846
505
1012
947
940
207
206
205
204
203
1287
56
136
187
460
1201
1227
1193
1138
1194
1195
461
188
137
57
208
941
948
949
506
627
645
233
174
950
838
1280
159
740
951
492
417
364
579
580
581
582
706
621
363
847
848
717
707
708
709
1298
1273
1297
1299
599
598
597
596
595
594
593
592
276
591
590
589
588
587
586
585
584
583
1318
996
718
1163
1160
1018
1220
1115
1002
1003
277
1127
980
945
906
1272
1285
1021
1116
671
253
1274
600
601
252
602
1131
1086
1211
1221
905
784
552
1077
1032
1167
1033
1061
1062
1063
512
532
827
1078
343
842
966
882
1209
1004
1122
1041
1088
40
146
1188
167
66
111
1182
1171
214
749
760
787
13
788
14
789
1210
1178
5
763
6
1199
4
1212
1206
764
-1
EOF
