NAME : rl1889Preorder.139430.tour
COMMENT : Length = 139430
COMMENT : Found by LKH [Keld Helsgaun] Sat May  2 12:52:09 2020
TYPE : TOUR
DIMENSION : 1889
TOUR_SECTION
1
388
389
260
595
1858
596
597
390
598
1226
1767
429
1124
550
1768
573
651
1771
1156
1377
864
59
664
956
961
363
457
959
958
1505
957
1125
270
269
268
267
266
265
264
263
262
261
1123
1512
1438
1411
1130
1734
1755
1737
1750
1581
1759
1149
1701
1723
1802
1774
1691
1797
1787
1731
1644
1373
1725
1783
1793
1762
1702
1225
1328
1798
1808
1182
1888
1812
1704
1367
1213
1719
1766
1221
1529
1239
1770
1699
1756
1193
1155
1413
1214
1717
1507
1504
1246
1509
1634
1400
1620
1376
1085
1323
1222
1397
1625
1099
1584
1590
1250
1256
1257
1562
1630
1308
1579
1582
1415
1132
1165
1662
1555
1171
1224
1418
1106
1392
1198
1265
1420
1476
1218
1140
1157
1072
1262
1260
1365
1465
1424
1353
1332
1289
1416
1093
1159
26
106
364
365
366
367
1158
368
369
370
371
372
373
327
326
325
324
323
322
1139
321
320
319
318
105
25
1141
317
1421
710
1199
1197
1665
1727
592
178
871
316
24
104
887
833
933
657
1650
1728
1666
646
782
707
965
1035
1651
661
1245
714
557
713
712
704
703
645
1261
656
702
701
103
700
567
315
1196
1352
23
1263
102
1486
655
1338
1676
709
1492
1317
964
673
672
472
1329
1389
1606
1253
1447
1393
1382
1868
1203
785
757
1696
1425
1160
1200
1126
77
308
309
216
796
795
78
272
758
786
1057
515
685
1729
473
1667
474
731
328
329
330
331
332
333
334
335
336
337
338
339
340
273
79
341
342
343
217
218
219
220
221
222
223
224
1142
1110
225
226
1111
1143
1144
227
1112
228
229
230
231
232
233
1145
234
1116
1113
238
237
235
918
762
902
879
878
877
876
875
1407
1457
807
1571
1867
996
1866
1569
802
1456
1406
874
580
1053
817
841
842
1360
1208
1087
1138
1161
1127
1201
1426
1697
1552
1469
1310
1372
1346
1319
1551
1677
1869
1204
1383
1394
1448
1254
1607
1390
1668
1299
1194
1401
1422
1217
1679
1339
1489
1540
1652
1280
1248
1283
1273
1195
1279
1244
1419
1631
1282
1281
1249
1278
1216
1417
1513
1739
1268
1264
1318
647
1781
658
107
1333
821
822
823
659
648
708
824
558
722
476
671
721
825
475
732
826
686
516
827
787
70
1334
71
72
1090
80
81
82
83
84
85
86
87
88
89
90
1088
1776
803
1779
1064
1780
1777
936
1778
1514
1487
91
1089
92
93
94
95
939
763
903
236
290
291
292
293
294
1133
1865
426
940
1516
1517
1387
745
1388
1615
1616
1617
1135
1772
41
1773
947
993
829
48
717
35
899
1119
1522
1792
1805
1543
306
1136
305
304
100
303
119
302
301
300
299
298
297
296
295
1628
1223
239
240
1114
241
1115
242
243
244
245
246
118
247
99
248
249
1120
250
1669
1565
1671
1146
1680
1789
1483
1485
1874
1468
1573
1432
1434
1449
1458
1870
1678
1074
1501
1439
1475
1325
1237
1267
1275
1872
1075
1272
1636
1496
1403
1683
1885
1844
1646
1567
1335
1078
1879
1532
1297
1291
1478
1118
1521
1791
1804
1542
1134
1656
1640
1315
1578
1807
1815
1441
1175
1443
1091
1593
1818
1842
1559
1162
1537
1095
1846
1711
1518
1614
1861
1849
1427
1622
1303
1599
1350
1654
1708
1864
1524
1179
1470
1527
1550
980
858
1558
898
917
761
880
760
916
897
857
979
977
929
1013
425
1841
1592
1014
1015
744
117
378
98
416
777
776
775
774
773
968
1027
743
1052
974
772
1314
424
771
770
769
768
767
1313
766
765
764
971
937
951
1833
1832
1498
949
1499
966
1822
1828
1831
1838
938
972
967
1825
1557
1556
923
801
790
840
891
895
941
347
797
798
1430
799
800
789
995
806
1824
1837
1830
1827
1821
805
948
945
922
1826
788
839
890
850
1493
1491
1330
838
1343
1738
76
756
784
1381
1320
514
723
684
471
470
469
468
467
466
465
464
463
462
461
460
1605
1576
1715
1259
654
697
696
112
695
694
693
1331
1364
22
1107
21
20
19
18
1071
1675
1258
1714
1575
1604
181
1464
888
819
1707
1423
852
180
565
482
313
869
1706
176
589
392
987
1164
286
883
1038
8
1003
586
679
688
132
67
1624
1023
1022
667
66
131
687
678
585
1002
7
1024
882
285
986
391
588
175
1693
1609
868
312
481
564
179
851
1694
1695
818
1610
1611
110
705
652
934
458
942
780
649
698
834
719
479
662
1025
562
682
575
204
203
202
201
200
199
198
197
196
195
194
193
192
191
190
189
188
187
186
185
184
109
1109
183
1108
182
1173
1174
1363
1362
1358
1359
108
1342
1341
148
1102
147
146
145
144
143
142
1340
1357
1361
1172
1169
1692
1251
1255
1100
1086
1705
1713
1623
1574
1395
1247
1726
1757
1608
1503
1583
1632
1619
1321
1375
1399
1215
1673
1506
1716
1603
1412
1154
1589
1561
1698
1769
1238
1531
1103
1508
1219
1810
1718
1212
1366
1799
1811
1703
1228
1180
1374
1189
1794
1326
1763
1660
1760
1782
1775
1724
1642
1786
1730
1689
1721
1795
1736
1887
1700
1758
1595
1749
1148
1800
1121
1732
1753
1510
1128
1241
1069
1409
1378
1746
1743
1293
1166
1305
1740
1453
1081
1150
1384
1347
1436
1751
1580
1097
1183
1355
430
121
1007
843
355
51
912
746
381
1062
1240
2
1594
256
350
1016
1735
1048
1784
1785
1227
600
601
545
1229
602
568
171
359
27
29
30
28
953
360
172
569
952
1502
546
547
1813
1054
570
173
1398
1618
553
792
835
836
666
65
130
64
129
135
136
6
137
138
139
140
141
1101
1344
1230
1231
1345
149
150
151
152
153
154
155
156
603
560
604
478
605
606
561
607
574
608
609
170
169
168
167
166
165
164
163
162
161
160
159
158
157
394
395
396
397
398
399
400
401
402
403
404
405
406
407
408
409
410
411
412
413
414
374
205
206
207
208
74
209
210
211
212
213
274
275
276
277
278
279
1431
1626
1494
1820
1463
1836
1570
1823
1563
1829
1446
1601
1819
1585
1834
1548
1500
1515
1886
1370
1488
1211
1862
1663
1881
1627
1408
1440
1520
1720
1202
1845
1549
1206
1462
1287
1597
1586
1535
1839
1591
1177
1472
1528
1816
1525
1577
1710
1481
1653
1814
1349
1302
1429
1572
1304
1351
738
1301
737
420
1300
736
726
513
735
734
733
1031
1030
543
950
985
1011
1019
907
991
1029
994
921
944
791
892
832
900
896
281
930
837
783
344
214
310
415
73
610
611
612
613
280
614
615
616
617
618
619
620
621
622
623
624
625
626
542
1232
627
628
629
630
631
512
632
633
1233
419
634
1234
635
636
637
638
639
640
1096
120
641
1235
778
1641
1658
1544
255
984
1546
924
1466
1545
1659
1657
307
254
925
31
36
1882
1276
1875
715
43
909
1876
1459
1336
1568
1404
1684
1647
1497
1079
1638
1877
1451
1076
1533
1269
1298
1292
1277
718
1065
716
44
910
1066
1033
1883
1637
50
919
1648
1685
1405
831
873
872
1495
1402
1566
1645
1337
1884
1682
1460
1080
1635
1878
1452
1271
1534
1077
1296
1871
1290
1442
1477
1274
38
730
1270
37
901
1266
1324
1435
1433
1843
1073
1467
1889
1873
1681
1482
1670
1788
1523
1117
1137
1541
1147
1672
1655
1316
1639
1790
1564
1176
1445
1092
1473
1484
1560
1803
1163
1236
1539
1094
1712
1519
1806
893
739
847
1613
1480
932
421
1471
926
1587
920
931
1479
1612
727
540
511
510
509
508
507
506
505
504
503
502
501
500
499
498
497
496
495
494
493
492
491
490
489
488
487
486
485
484
345
849
1354
804
808
809
810
811
812
813
544
814
815
1600
1207
1461
1288
1598
1588
1536
1840
1817
1526
1709
999
848
740
1428
894
1000
1001
113
1538
379
101
1474
904
417
779
251
349
32
33
39
42
45
46
49
830
828
946
47
911
1450
40
908
711
34
644
643
253
1444
642
97
377
983
116
1026
742
970
115
982
376
96
906
252
348
1040
418
905
988
375
981
114
969
997
741
1018
1017
422
973
1178
423
1012
928
976
1863
1371
856
855
759
1880
854
1369
1368
1209
541
1210
1312
1311
1284
1602
1547
1285
724
725
1286
1859
1847
1848
1860
975
927
728
1621
1835
539
1205
538
537
536
535
534
533
532
531
530
529
528
527
526
525
524
523
522
521
520
519
346
215
311
75
271
518
517
579
578
577
1252
576
683
563
816
1490
480
477
720
674
559
556
699
650
781
943
459
935
653
706
111
992
729
820
889
853
566
483
314
870
1674
177
590
393
380
287
884
1039
9
1004
587
680
689
133
68
1028
668
1042
1041
793
554
954
1010
555
794
1020
1021
669
998
134
681
10
692
677
69
1396
1322
1633
552
551
963
962
174
361
670
665
60
61
62
63
582
583
584
1629
754
1414
1131
1553
12
11
13
14
15
16
17
1104
1391
591
1105
1170
1554
288
885
1037
755
1005
1032
675
690
1309
1034
1649
289
886
1664
1006
753
990
691
676
128
581
989
58
663
955
960
362
456
978
572
1036
1661
549
1764
1765
1530
455
454
1191
1190
453
1220
571
1055
1809
548
1192
450
449
1188
448
447
446
445
1187
444
443
1045
1690
1688
1801
442
441
351
257
283
282
3
865
1044
1043
382
747
913
52
356
1008
122
1687
123
1186
431
432
1185
844
358
125
124
433
434
357
53
435
436
383
437
438
439
440
4
284
1722
352
353
1046
1059
859
863
862
861
1058
1796
1643
1761
1327
427
451
452
1181
428
1051
599
1050
1056
860
1060
1047
1049
354
1009
1733
1122
1129
1410
1437
1754
1511
1242
1070
1379
1747
1744
1294
1167
1454
1306
1741
1082
1385
1151
1098
1356
1686
1184
1348
1752
54
1083
55
1152
749
750
748
384
385
386
387
258
1596
1061
259
881
660
5
1063
1068
1380
1243
1295
1748
1067
1168
1745
1307
1742
1455
1084
1386
1153
1853
751
914
56
1852
866
845
126
1851
1854
1850
1855
1856
127
846
867
1857
57
915
752
593
594
-1
EOF
