NAME : si535Preorder.9795.tour
COMMENT : Length = 9795
COMMENT : Found by LKH [Keld Helsgaun] Fri Apr 24 10:39:05 2020
TYPE : TOUR
DIMENSION : 535
TOUR_SECTION
1
487
503
510
522
530
535
525
511
498
482
468
463
453
443
435
414
370
366
367
371
368
421
433
447
456
473
474
457
445
439
417
420
428
442
451
461
486
491
515
516
528
533
517
514
500
489
479
492
512
519
532
211
225
238
243
260
264
245
239
228
214
202
227
241
247
258
248
235
229
213
292
310
341
335
322
291
288
311
339
289
318
338
280
320
147
342
337
316
284
148
340
312
287
336
315
290
269
283
314
332
331
313
286
270
261
251
230
220
204
215
221
231
250
257
262
253
240
223
203
206
226
236
254
256
232
224
209
526
523
513
505
485
501
483
499
481
496
480
478
494
465
460
467
452
450
441
413
437
418
431
411
422
440
449
459
464
462
432
419
375
364
377
369
363
2
3
365
373
374
376
372
4
5
181
180
6
7
361
379
381
378
390
389
396
382
380
383
384
388
403
404
402
405
387
385
392
391
362
393
409
408
407
406
394
395
425
424
397
401
398
426
427
400
399
358
359
360
8
386
20
475
135
201
133
130
134
131
128
125
122
124
121
123
193
191
120
197
198
196
126
192
127
190
132
189
129
199
200
267
275
277
266
268
171
276
357
356
165
161
163
169
170
168
167
179
178
177
176
155
157
156
160
159
343
344
345
346
324
323
327
326
325
297
298
300
301
302
347
153
305
304
307
348
349
351
350
306
303
352
353
296
295
294
354
355
299
293
166
164
162
100
104
108
194
112
116
195
119
117
113
110
114
118
115
111
107
103
102
106
109
105
101
96
97
92
89
94
98
99
95
90
86
83
87
82
81
80
85
91
84
88
93
158
154
75
70
65
60
55
56
61
66
71
76
77
72
67
62
57
58
63
68
73
78
79
74
69
64
59
51
52
19
53
54
49
48
47
18
50
45
17
46
43
44
186
185
183
182
184
187
188
16
15
42
41
14
415
436
444
13
37
454
472
471
458
446
430
412
410
438
448
33
12
455
470
466
11
29
429
423
416
434
25
10
469
477
493
24
23
22
534
26
27
521
28
508
497
484
476
504
32
509
524
31
529
30
527
34
520
35
506
36
502
490
488
495
507
40
518
39
38
531
212
222
234
246
265
263
244
242
216
210
208
217
233
249
255
259
252
237
218
207
205
219
285
308
330
152
334
151
309
278
271
273
282
319
333
328
317
281
274
272
279
321
329
150
149
172
173
174
175
145
146
143
141
139
137
144
140
138
142
136
21
9
-1
EOF
