NAME : u2319Preorder.100.tour
COMMENT : Length = 100
COMMENT : Found by LKH [Keld Helsgaun] Thu Apr 23 05:31:36 2020
TYPE : TOUR
DIMENSION : 2319
TOUR_SECTION
1
7
8
9
10
12
13
15
17
14
18
22
25
23
32
33
173
174
175
2307
2308
4
2309
2306
179
2305
181
183
182
2312
2304
2313
2311
2310
2315
2
6
3
20
11
16
19
21
26
27
28
5
29
30
31
172
34
37
35
24
36
38
41
40
49
50
51
54
59
60
61
62
63
58
56
155
157
55
52
53
162
47
48
46
45
39
42
43
44
168
167
169
171
170
578
580
577
575
576
176
177
178
180
184
185
574
566
568
565
188
186
187
189
191
190
2298
2299
2297
2291
2294
2288
2287
2289
2290
198
199
209
210
211
205
208
206
207
525
215
214
216
2269
2271
2272
2274
2273
2275
2276
2277
2278
2281
2282
2283
2286
2285
2284
2280
2279
212
213
2268
2270
225
226
2263
2267
2264
2266
2265
2262
2260
2259
2258
2257
2255
2256
2261
228
227
221
223
222
224
220
514
512
510
511
503
234
231
232
235
240
230
229
241
242
2254
2253
2250
2252
2251
2249
2248
2244
2238
2239
2243
2242
2241
2240
2231
2230
2228
2227
2229
2224
2225
2223
2218
2216
2215
2217
2212
2214
2213
2207
2208
2210
2209
2211
2194
2193
269
267
265
2220
2221
2219
2222
2226
264
263
260
259
258
472
484
485
482
486
487
493
488
492
494
496
491
501
500
1366
1365
1367
1368
1370
1371
1374
1375
490
1376
1373
1378
1379
1372
1166
1167
1168
947
948
1163
1165
1162
1161
1159
1160
1381
1380
1382
1377
489
1383
480
479
481
478
483
474
473
254
256
257
261
262
2235
2233
2232
2237
2236
2234
252
2247
2245
243
244
239
238
236
237
245
249
2246
251
253
255
250
248
246
247
495
497
233
498
502
499
508
504
509
507
506
519
516
513
515
219
217
218
520
517
518
1355
1354
1356
505
1357
1364
1361
1363
1362
1369
1170
1169
1171
1173
943
944
946
949
945
950
951
953
952
939
937
940
936
924
925
915
914
906
907
910
1031
1027
1028
1030
920
1029
919
1013
1007
1006
1008
1005
1003
1059
1058
1055
1057
1063
1062
1060
1061
1000
1070
1069
1066
1065
1067
1068
1071
1073
1099
1072
970
969
1001
999
1002
998
971
967
972
968
1100
1101
1102
1098
1097
1107
1109
1114
1113
1443
1440
1438
1437
1434
1435
1433
1436
1441
1442
1432
1431
1430
1428
1427
1429
1426
426
424
423
422
337
334
421
420
419
414
1439
1446
1451
1445
1444
1112
1110
1111
1094
1095
1096
1082
1084
1083
1074
1081
1080
1078
1075
1086
1085
1092
1091
1093
1450
1449
1458
1090
1089
1460
1459
1457
1454
1448
1452
1453
1447
412
411
405
404
1455
1456
1465
1463
1461
1088
785
786
1087
1077
789
790
1076
1079
791
795
792
796
797
798
1064
1056
802
804
1054
1053
805
810
1045
1043
811
816
812
806
808
807
809
803
751
750
799
801
800
760
759
761
758
754
757
753
752
749
746
748
747
755
756
764
762
769
768
774
767
1516
1514
1512
1511
1513
1519
1518
1517
766
765
1525
1526
1524
1528
1527
1534
1533
1535
1538
1532
1529
1531
2056
2052
1530
1541
2054
1540
1539
1542
1546
1543
1545
1548
1549
1552
1551
1561
736
731
1562
1563
1564
1565
1559
1560
1558
1557
1553
1556
1554
1758
1759
1555
1762
1763
1778
1764
1775
1765
1544
1774
1776
1777
1779
1766
1770
1773
2055
2053
1772
2047
2046
2044
1768
1911
1909
1782
1783
1781
1906
1904
1786
1889
1903
1890
1902
1905
1907
1908
1910
1914
1912
1915
1913
1916
1917
1918
1920
1919
1922
1923
1924
1935
1937
1947
1938
1946
1939
1940
1921
1941
2034
2035
2045
2043
2042
2038
2037
2036
2039
2032
2033
2027
1942
1943
2026
2025
1944
1945
1948
1949
1956
1950
1957
1968
2016
2015
2014
2013
2012
2079
2077
2080
1493
2081
2093
2082
2084
2083
2078
2005
2004
2003
2085
2086
2002
2001
2088
2091
2087
2092
2098
2101
2102
2110
2111
2114
2115
2113
2117
2116
383
382
380
365
362
366
367
370
368
361
359
360
355
408
409
356
351
416
417
350
352
357
354
358
353
2139
2141
346
345
2144
2146
344
341
342
329
331
339
429
427
425
338
332
340
343
333
336
348
347
349
335
418
415
413
410
406
403
400
397
396
395
394
391
390
1477
1482
1478
1479
1505
1504
1503
1501
1502
1500
1483
1484
389
1485
1495
1498
1497
1499
1490
2074
2073
2075
2076
1491
1492
1496
1494
2094
2095
2097
2096
1487
1486
387
386
388
385
384
392
393
377
376
378
379
375
372
374
371
369
407
373
402
401
399
398
1464
1467
1471
1466
1462
1472
783
781
782
784
787
788
794
793
763
770
772
771
773
775
779
776
780
1474
1473
1470
1468
1469
1476
1481
1475
1480
778
777
1515
1506
1507
1508
1510
1488
1489
2072
2071
2070
2022
2021
2018
2017
2019
2020
2024
2029
2068
2023
2069
2067
2064
1509
2063
2066
2065
2030
2028
2031
2061
2062
1521
1520
1522
1523
2057
2059
2058
2060
2040
2041
2050
2051
2049
2048
1771
1769
1767
1780
1784
1788
1785
1787
1793
1789
1794
1790
1792
1888
1887
1885
1884
1882
1880
1879
1877
1875
1860
1858
1859
1857
1856
1855
1853
1851
1850
1832
1852
1826
1828
1827
1825
1854
1824
1823
1822
1821
1819
1813
1818
1735
1736
1744
1741
1740
1738
1591
1590
1593
1589
1583
1584
1586
1587
1596
1588
1595
1597
1598
695
694
696
691
689
1616
1624
1623
1617
1615
1614
1611
690
1610
1607
1605
1599
1600
1594
1592
1603
1601
1604
1606
1608
1609
1664
1665
1668
1666
1712
1709
1713
1714
1708
1705
1710
1704
1703
1698
1695
1699
1700
1839
1840
1843
1842
1847
1848
1849
1846
1845
1844
1838
1836
1837
1701
1702
1706
1707
1835
1834
1831
1833
1830
1716
1829
1717
1715
1718
1719
1720
1721
1667
1722
1723
1724
1602
1733
1732
1729
1725
1728
1726
1727
1820
1730
1731
1734
1737
1739
1578
1580
1749
1579
1745
1742
1743
1806
1804
1805
1746
1748
1752
1751
1567
1755
1753
1747
1803
1797
1799
1798
1809
1807
1810
1811
1812
1817
1816
1814
1815
1876
1878
1808
1881
1883
1800
1886
1791
1801
1802
1796
1795
1754
1761
1760
1756
1757
1568
1566
1750
1571
1569
1570
1573
1574
1572
1576
1577
1581
1582
1585
1575
711
712
713
721
722
720
718
719
832
825
826
831
833
674
662
665
664
663
661
660
659
1262
1271
1259
1266
1258
1257
869
870
868
866
864
867
863
862
857
861
865
874
875
877
886
887
878
888
900
899
890
898
897
1227
1228
1205
1204
1203
1206
1220
1207
1202
1192
1199
1208
1201
1213
1212
1214
1333
1210
1211
1209
1200
1342
1196
1198
1195
1193
1194
1191
1185
1184
1182
1181
1183
1351
1197
1344
1343
1341
1335
1338
1336
1334
1332
1331
1329
1327
1324
1326
1325
1317
1315
1218
1215
1219
1221
1223
1229
1222
1216
1217
1314
1316
1313
1312
1301
1302
1305
1304
1303
1297
1298
1294
1233
1235
1234
1232
1299
1300
1231
1230
1224
1225
1237
1236
1226
896
895
893
894
891
889
876
892
873
872
871
1255
1254
1256
1267
1250
1268
1269
1280
1278
1276
1273
1279
1270
1272
1261
658
657
648
656
1260
1274
647
646
655
654
649
653
667
666
668
675
673
669
672
670
717
709
716
714
715
710
705
703
702
701
698
693
697
692
686
688
687
685
683
684
679
699
678
700
704
706
708
707
671
677
680
676
681
682
650
652
651
122
1627
1625
1626
1629
1632
1628
121
114
115
125
123
120
119
1275
645
642
118
124
126
117
643
128
129
133
134
135
85
137
136
138
626
625
140
141
139
82
83
142
76
77
68
78
79
81
84
80
88
87
86
89
90
91
131
132
130
101
99
100
127
116
113
109
108
107
102
95
98
93
92
94
97
96
105
103
1639
1638
1641
1642
1649
1644
1648
1656
1676
1645
1647
1646
1677
1675
1673
1657
1658
1659
1655
1643
1650
1653
1654
1652
1651
1636
1640
1637
104
106
110
111
112
1633
1635
1634
1631
1630
1622
1619
1621
1620
1618
1660
1662
1661
1613
1612
1663
1669
1671
1670
1672
1711
1683
1674
1678
1679
1682
1680
1681
1684
1697
1685
1696
1686
1694
1687
1693
1689
1692
1688
1690
1691
1841
1862
1863
1864
1865
1866
1867
1868
1869
1870
1871
1861
1874
1872
1873
1891
1892
1893
1894
1895
1896
1897
1898
1899
1900
1901
1925
1926
1927
1928
1929
1930
1931
1932
1933
1934
1936
1955
1952
1954
1951
1953
1961
1962
1960
1964
1963
1978
1979
1980
1981
1977
1976
1975
1974
1965
1959
1958
1967
1966
1973
1971
1970
1969
2009
2010
2011
2008
2007
2006
1999
1998
1972
1988
1989
1987
1982
1986
1985
1984
1983
1991
1990
1992
1995
2000
1997
1996
1994
1993
2089
2090
2099
2104
2100
2103
2105
2106
2107
2121
2120
2108
2109
2112
2118
2119
2122
2123
2124
381
364
363
2126
2125
2127
2128
2129
2130
2131
2132
2133
2134
2135
2136
2137
2138
2140
2142
2143
2145
2147
2148
2149
2150
2151
2152
2153
328
325
326
2157
2156
2154
2155
2158
2160
2162
2163
2164
2166
2165
2167
2168
299
302
303
306
2161
2159
305
323
304
322
309
307
308
310
295
301
298
293
292
274
275
450
297
294
296
446
448
447
453
1396
1395
456
454
452
449
451
276
273
457
459
461
271
280
2187
281
279
278
272
277
286
289
287
290
291
300
2169
2170
2171
2173
2172
2175
2174
2177
2176
288
283
285
282
284
2180
2178
2179
2181
2182
2183
2184
2186
2188
2185
2199
2198
2200
2201
2202
2204
2205
2206
2203
2197
2189
2196
2195
2190
2192
2191
268
270
266
462
463
464
460
458
465
455
466
467
468
471
470
469
475
477
476
1386
1385
1384
1390
1387
1391
1393
1392
1394
1399
1397
1398
445
444
443
442
311
321
312
439
320
319
313
324
318
315
327
330
316
430
317
314
435
437
436
438
1410
1411
440
441
1404
1405
1403
1406
1402
1400
1388
1401
1389
1154
1158
1155
1157
1156
1164
1140
1139
1138
1136
1134
1133
956
957
955
960
978
977
962
976
963
975
964
1124
1118
1119
1116
1115
1120
1121
1122
1123
1125
961
1126
1127
1129
1130
1128
1132
1135
1144
1131
1419
1420
1418
1424
1423
1425
432
428
431
433
434
1422
1417
1421
1416
1414
1415
1145
1143
1147
1146
1150
1413
1409
1412
1408
1407
1153
1151
1152
1149
1148
1142
1141
1137
958
954
959
979
980
982
983
981
988
986
984
985
938
923
922
916
917
921
918
991
990
992
989
987
974
965
1105
1104
1117
1108
1106
1103
966
973
993
994
997
995
996
1014
1015
1012
1011
1009
1010
1018
1022
1019
1021
1037
839
838
837
845
836
844
842
843
841
840
1038
1039
1020
1048
1050
1004
1051
1052
1046
1049
1047
1044
1040
1042
1041
820
819
818
817
815
814
813
739
740
741
744
743
745
1536
1537
1547
1550
742
737
735
738
734
733
732
730
729
728
727
723
726
725
724
823
822
824
821
828
827
829
830
834
835
850
849
846
848
852
851
1263
1264
1265
853
854
855
856
847
1036
1035
1034
1023
1024
1025
1017
1016
1026
1032
909
880
883
882
1033
858
859
860
881
884
879
885
908
911
912
903
904
902
901
1189
1190
1186
1187
1188
928
905
913
926
930
927
929
932
933
931
935
941
942
934
1174
1176
1177
1175
1178
1172
1360
1359
1358
1353
1180
1179
1352
1350
1349
1347
1345
1340
532
1339
1337
530
531
533
1346
1348
521
522
527
523
524
528
526
529
534
535
537
536
538
544
202
203
204
201
200
196
194
546
545
543
547
548
542
539
541
540
1330
1328
551
549
550
1323
557
1321
1322
1318
1319
1320
556
585
584
555
558
554
553
559
572
571
583
590
592
591
589
586
588
587
1311
1310
1309
1308
1306
1307
603
605
606
607
604
610
612
611
613
616
617
1296
1295
1293
1292
1291
619
620
629
1286
1288
1289
1290
1241
1240
1247
1239
1242
1238
1243
1245
1244
1246
1253
1252
1249
1281
1251
1248
1287
1283
1282
1284
1285
628
631
632
633
1277
641
644
639
638
640
634
637
636
635
630
627
623
624
145
143
144
75
74
148
73
71
70
67
69
66
64
65
72
57
152
151
150
149
147
146
622
621
618
615
614
609
608
153
154
156
158
159
161
163
164
166
165
160
597
598
602
600
601
599
595
596
594
593
579
582
581
570
573
569
567
560
552
562
561
564
563
195
193
197
192
2292
2293
2295
2296
2300
2301
2303
2302
2317
2314
2316
2318
2319
-1
EOF
