NAME : vm1748Preorder.175828.tour
COMMENT : Length = 175828
COMMENT : Found by LKH [Keld Helsgaun] Thu Apr 23 19:34:35 2020
TYPE : TOUR
DIMENSION : 1748
TOUR_SECTION
1
759
756
641
725
746
981
613
578
513
486
749
507
772
175
104
145
769
176
734
803
890
863
1062
849
857
878
1005
98
92
140
161
509
116
69
451
433
447
870
873
185
962
922
891
862
856
1061
848
93
921
184
99
879
177
1004
1011
731
995
989
986
129
977
742
454
483
257
103
733
514
745
980
724
755
758
482
139
115
730
1010
721
722
714
723
1522
1741
1132
1610
1527
1616
1620
1639
1655
1677
1627
1582
1625
1136
1631
1188
1360
1363
1115
1193
1351
1179
1401
1705
1709
1699
1695
713
1521
1532
1156
1693
1687
1147
1167
1540
1560
1365
1163
1385
1534
1404
1139
1236
1563
1477
1550
1548
1456
597
505
1398
1542
1528
1689
1399
1464
1444
1544
1073
1387
1088
1127
1381
1296
1556
1295
1348
1568
1375
1552
1120
1113
1555
1559
1519
1367
1426
1538
1302
1186
1117
1316
1423
1343
1125
1111
1325
1361
1355
1344
1124
1211
1249
1243
1410
1358
1686
1223
1416
1422
1432
1525
1446
504
1346
242
1196
1232
1226
1256
1328
1338
1635
1712
1458
1482
1504
1508
1246
1510
1095
1212
1222
1218
230
239
1303
1704
1702
1230
1418
1369
1384
1097
1267
1440
1271
1334
1290
1530
1492
1408
1708
1248
1494
238
1225
1330
1281
1679
1326
1093
1099
1438
1518
1496
1214
1435
1101
1103
1105
1685
1107
1122
1412
1288
1138
1149
1407
1320
1165
1577
1221
1537
595
1455
1130
1171
1377
1263
1217
1251
1341
1280
1181
328
503
327
1397
1309
1109
1395
1306
1293
1279
326
1337
1284
1394
1209
1725
1431
1036
1035
1392
1238
1333
1448
1737
1724
1083
1075
1034
1054
1053
1052
196
1200
1736
1580
1735
1437
1443
1191
1143
1571
1266
1081
1051
193
1159
1270
1569
1173
1275
1498
1564
1734
1050
192
1276
1683
1199
1177
1698
1481
1145
1673
1450
1079
1670
1523
1672
1162
1576
1676
1312
1682
1176
1286
1308
1299
1314
1089
1691
702
1513
1427
1254
1502
1598
1257
1500
1506
1487
1594
1318
660
699
666
1154
1490
1586
1484
1515
1453
1584
593
698
1512
1202
1612
1618
1183
1740
1189
1486
1622
1151
1632
1574
1733
1259
1322
1489
1077
1133
1092
1728
1142
1452
1373
1157
1204
1169
1730
1262
1235
1353
1547
754
751
753
294
295
589
662
590
656
663
657
167
851
591
680
828
689
822
383
315
658
287
285
700
356
983
28
683
550
377
368
338
961
374
970
138
955
586
112
716
158
994
649
952
10
956
715
971
154
316
677
133
301
800
495
210
499
211
336
325
498
496
260
519
4
1055
494
20
194
109
576
567
181
16
678
300
783
773
317
972
155
134
786
799
77
101
583
406
558
208
412
60
365
500
369
418
164
280
296
471
151
229
386
142
118
341
527
57
54
674
218
36
395
568
51
48
709
78
102
520
974
274
975
224
251
42
308
209
671
521
727
571
460
215
650
275
413
231
718
596
234
976
278
214
232
543
233
439
394
448
276
213
235
524
580
425
398
885
414
1015
686
695
39
1003
225
43
249
481
309
407
344
668
1009
401
329
45
564
248
795
738
708
223
90
228
152
472
297
281
143
1002
119
387
342
528
58
675
219
796
1014
330
669
480
310
408
252
226
46
541
345
44
693
415
437
50
392
237
241
53
450
84
382
217
272
56
526
582
547
38
427
397
266
400
361
255
41
561
47
534
170
419
346
243
741
273
875
893
602
628
601
627
812
623
625
1065
626
624
362
874
892
898
442
80
816
443
888
1072
947
944
942
537
304
1070
814
897
187
940
917
939
916
915
937
914
935
913
933
932
934
936
938
967
966
331
670
479
303
536
815
409
943
188
945
403
694
883
688
697
797
1071
462
402
573
887
729
523
673
570
220
676
59
529
343
120
999
388
282
62
473
298
166
371
502
337
363
22
562
1057
206
262
6
197
1013
556
585
1007
322
998
17
777
264
245
244
489
488
490
491
246
263
265
492
553
554
555
1208
1738
1657
1644
1707
1393
1239
1430
1517
1076
1201
1711
1082
1278
1701
1192
1429
1391
1241
1240
1229
1703
1144
1572
1390
1090
1228
1389
1160
1579
1570
1174
1457
1340
1277
1265
1499
1565
1524
1684
1336
1178
1332
775
778
598
319
404
410
588
114
358
88
792
840
538
1020
1022
1024
1019
1023
1032
1033
1025
1021
515
516
517
1283
1436
1406
1315
1451
1146
1300
1405
1080
1674
1480
1129
1567
1716
1420
1718
1723
1715
1121
1717
1669
1501
1287
1722
1137
1721
1671
1175
1605
1681
1575
1428
847
1596
1258
1216
1503
1307
1609
1514
1311
1442
1675
1692
1161
1029
1031
1030
839
825
819
833
846
1253
1507
1488
1269
1601
1592
1298
1313
1319
1536
1697
1491
1608
1153
1485
1746
845
832
1069
844
831
843
1516
1454
1607
1600
1597
1203
1613
1619
1184
1593
1585
1190
1623
1633
1152
1583
1739
1260
842
1078
1604
1323
1595
1158
1732
1729
1134
1205
1591
1745
1170
1374
1731
1141
1573
1599
1606
1720
1091
1274
1234
1719
1352
1273
1261
1603
1245
1546
835
270
1244
269
836
1602
834
435
1027
434
1026
311
312
313
841
1028
829
467
1067
817
203
466
1046
106
131
202
31
1044
1045
789
150
8
1048
1041
107
95
390
291
32
149
33
790
34
314
752
293
256
436
465
130
201
1043
148
35
791
178
121
290
389
94
108
1040
7
1049
880
865
1060
859
168
198
852
806
704
592
809
827
126
653
821
664
384
659
690
684
993
157
373
551
376
367
681
960
339
794
957
11
378
951
648
575
159
29
587
113
518
137
954
969
984
701
288
284
355
357
76
100
340
682
793
959
366
552
372
574
685
691
661
992
385
375
594
826
169
853
820
179
122
1059
881
866
860
808
199
805
180
123
292
1058
391
96
1042
1047
9
804
837
132
823
830
1068
867
882
807
861
818
200
706
655
667
124
824
838
665
654
705
125
736
354
305
221
283
289
703
968
985
136
953
950
306
647
12
780
958
332
379
565
160
776
416
785
30
788
1001
111
15
183
321
89
584
707
557
497
18
493
247
405
135
798
156
973
717
299
320
222
679
737
318
14
787
411
323
19
21
1056
207
261
5
195
110
784
774
566
13
307
333
182
417
324
334
335
347
364
501
370
165
61
563
1008
227
153
144
599
886
539
928
925
900
903
902
905
907
906
904
901
779
924
899
1305
1449
1566
1292
1285
1084
1645
1434
1396
1646
1647
1310
1182
1648
1658
1110
1220
1378
1264
908
926
896
927
909
1252
1172
1642
1166
1636
1321
1289
1150
1413
1659
1108
1649
910
929
930
911
931
912
1497
1660
1650
1215
1661
1662
1651
1663
1680
1282
1439
1652
1495
1664
1409
1493
1531
1383
1589
1441
1272
1747
1268
1195
1370
1419
1665
1123
1231
1653
1219
918
941
79
919
920
1578
1335
1666
1654
1331
1511
1667
1505
946
948
949
540
1509
1668
1098
1634
1421
1339
1255
1354
1748
1329
1327
1590
1357
1242
1233
1347
1637
1096
1094
1643
1425
1447
1433
1210
1640
1102
1100
1628
1324
1417
1411
1224
1587
1106
1104
1213
1185
1342
1362
1743
810
811
1064
1304
1126
1317
1291
1469
1470
1424
1301
1227
1539
1471
1520
1558
1459
1368
1554
1247
1119
1744
1250
1066
813
1588
1553
1087
1112
1356
1460
603
1294
1472
1376
1349
1403
1473
1557
1297
1474
1382
1461
1118
1475
1462
1128
608
636
607
606
634
632
605
629
604
631
630
633
635
637
609
638
610
1476
1463
1388
1545
1445
1629
1690
1641
1543
1549
1551
1400
1465
1562
615
643
616
644
646
619
618
1131
1187
1478
1135
1386
1466
1479
1366
1467
1541
1468
1688
622
620
621
146
770
127
988
979
744
456
645
617
895
894
876
611
639
612
640
614
642
174
424
105
726
1006
877
445
997
991
431
259
868
453
871
71
3
511
68
163
464
530
475
190
854
205
463
474
24
204
23
147
771
802
1038
801
1037
1529
1155
1140
1345
1483
1694
1726
1581
1526
1696
1533
1710
1700
1706
1350
1359
1039
1727
1237
1630
1561
1168
1624
1364
1626
1074
1402
1164
1638
1116
1656
1085
1114
1148
1621
1206
1617
1194
1379
1180
1611
1371
1614
1197
1414
1535
1713
1714
1742
1678
1018
1016
1017
1086
1207
1380
1372
1615
855
191
1198
964
1415
531
735
1063
850
858
864
889
141
162
186
117
923
510
70
963
872
452
869
446
432
996
990
720
258
2
987
1012
732
652
128
978
743
455
484
91
97
760
757
67
747
508
982
579
750
487
87
74
478
353
767
470
512
430
348
65
25
763
459
712
546
740
279
441
173
429
423
26
349
352
86
477
766
469
73
762
75
764
768
458
359
64
711
545
381
83
548
81
525
444
189
216
426
581
267
533
171
420
212
560
254
40
399
286
884
687
696
37
396
55
461
572
728
522
672
965
569
781
302
535
360
52
1000
49
250
692
271
600
240
542
253
559
438
532
236
268
422
63
82
544
380
72
277
549
710
457
440
172
421
393
449
739
66
651
761
428
350
468
782
719
765
351
476
85
27
485
748
577
506
-1
EOF
